-61.8500 -61.0750 15.8750 16.6250 .0250 .0250 3 1 1 1 0.0 Geoide géométrique pour la Guadeloupe : Grande-Terre et Basse-Terre (EGM96 + points GPS nivelés)
  -61.850  16.625  -41.543  99
  -61.850  16.600  -41.544  99
  -61.850  16.575  -41.541  99
  -61.850  16.550  -41.529  99
  -61.850  16.525  -41.501  99
  -61.850  16.500  -41.459  99
  -61.850  16.475  -41.410  99
  -61.850  16.450  -41.355  99
  -61.850  16.425  -41.300  99
  -61.850  16.400  -41.251  99
  -61.850  16.375  -41.196  99
  -61.850  16.350  -41.148  99
  -61.850  16.325  -41.080  99
  -61.850  16.300  -41.043  99
  -61.850  16.275  -40.950  99
  -61.850  16.250  -40.939  99
  -61.850  16.225  -40.921  99
  -61.850  16.200  -40.945  99
  -61.850  16.175  -40.943  99
  -61.850  16.150  -40.950  99
  -61.850  16.125  -40.947  99
  -61.850  16.100  -40.955  99
  -61.850  16.075  -40.953  99
  -61.850  16.050  -40.960  99
  -61.850  16.025  -40.956  99
  -61.850  16.000  -40.965  99
  -61.850  15.975  -41.017  99
  -61.850  15.950  -41.060  99
  -61.850  15.925  -41.127  99
  -61.850  15.900  -41.155  99
  -61.850  15.875  -41.142  99
  -61.825  16.625  -41.615  99
  -61.825  16.600  -41.600  99
  -61.825  16.575  -41.584  99
  -61.825  16.550  -41.563  99
  -61.825  16.525  -41.531  99
  -61.825  16.500  -41.494  99
  -61.825  16.475  -41.450  99
  -61.825  16.450  -41.370  99
  -61.825  16.425  -41.221  99
  -61.825  16.400  -41.031  99
  -61.825  16.375  -40.835  99
  -61.825  16.350  -40.662  99
  -61.825  16.325  -40.502  99
  -61.825  16.300  -40.336  99
  -61.825  16.275  -40.178  99
  -61.825  16.250  -40.202  99
  -61.825  16.225  -40.278  99
  -61.825  16.200  -40.342  99
  -61.825  16.175  -40.380  99
  -61.825  16.150  -40.403  99
  -61.825  16.125  -40.422  99
  -61.825  16.100  -40.441  99
  -61.825  16.075  -40.464  99
  -61.825  16.050  -40.507  99
  -61.825  16.025  -40.586  99
  -61.825  16.000  -40.721  99
  -61.825  15.975  -40.902  99
  -61.825  15.950  -41.063  99
  -61.825  15.925  -41.122  99
  -61.825  15.900  -41.132  99
  -61.825  15.875  -41.146  99
  -61.800  16.625  -41.690  99
  -61.800  16.600  -41.657  99
  -61.800  16.575  -41.627  99
  -61.800  16.550  -41.599  99
  -61.800  16.525  -41.556  99
  -61.800  16.500  -41.517  99
  -61.800  16.475  -41.485  99
  -61.800  16.450  -41.397  99
  -61.800  16.425  -41.161  99
  -61.800  16.400  -40.848  99
  -61.800  16.375  -40.512  99
  -61.800  16.350  -40.230  99
  -61.800  16.325  -40.062  99
  -61.800  16.300  -39.851  99
  -61.800  16.275  -39.634  99
  -61.800  16.250  -39.658  99
  -61.800  16.225  -39.749  99
  -61.800  16.200  -39.822  99
  -61.800  16.175  -39.867  99
  -61.800  16.150  -39.898  99
  -61.800  16.125  -39.934  99
  -61.800  16.100  -39.974  99
  -61.800  16.075  -40.011  99
  -61.800  16.050  -40.075  99
  -61.800  16.025  -40.208  99
  -61.800  16.000  -40.422  99
  -61.800  15.975  -40.705  99
  -61.800  15.950  -40.993  99
  -61.800  15.925  -41.056  99
  -61.800  15.900  -41.091  99
  -61.800  15.875  -41.191  99
  -61.775  16.625  -41.773  99
  -61.775  16.600  -41.723  99
  -61.775  16.575  -41.672  99
  -61.775  16.550  -41.622  99
  -61.775  16.525  -41.580  99
  -61.775  16.500  -41.546  99
  -61.775  16.475  -41.511  99
  -61.775  16.450  -41.395  99
  -61.775  16.425  -41.127  99
  -61.775  16.400  -40.744  99
  -61.775  16.375  -40.306  99
  -61.775  16.350  -39.910  99
  -61.775  16.325  -39.866  99
  -61.775  16.300  -39.651  03
  -61.775  16.275  -39.451  03
  -61.775  16.250  -39.385  03
  -61.775  16.225  -39.404  03
  -61.775  16.200  -39.438  99
  -61.775  16.175  -39.460  99
  -61.775  16.150  -39.482  99
  -61.775  16.125  -39.527  99
  -61.775  16.100  -39.588  99
  -61.775  16.075  -39.622  99
  -61.775  16.050  -39.688  99
  -61.775  16.025  -39.842  99
  -61.775  16.000  -40.069  99
  -61.775  15.975  -40.357  99
  -61.775  15.950  -40.646  99
  -61.775  15.925  -40.863  99
  -61.775  15.900  -41.073  99
  -61.775  15.875  -41.312  99
  -61.750  16.625  -41.867  99
  -61.750  16.600  -41.805  99
  -61.750  16.575  -41.739  99
  -61.750  16.550  -41.669  99
  -61.750  16.525  -41.626  99
  -61.750  16.500  -41.577  99
  -61.750  16.475  -41.554  99
  -61.750  16.450  -41.439  99
  -61.750  16.425  -41.143  99
  -61.750  16.400  -40.739  99
  -61.750  16.375  -40.313  99
  -61.750  16.350  -39.984  99
  -61.750  16.325  -39.818  99
  -61.750  16.300  -39.592  03
  -61.750  16.275  -39.407  03
  -61.750  16.250  -39.294  03
  -61.750  16.225  -39.241  03
  -61.750  16.200  -39.219  03
  -61.750  16.175  -39.210  03
  -61.750  16.150  -39.217  03
  -61.750  16.125  -39.245  03
  -61.750  16.100  -39.284  03
  -61.750  16.075  -39.320  03
  -61.750  16.050  -39.395  03
  -61.750  16.025  -39.533  03
  -61.750  16.000  -39.717  99
  -61.750  15.975  -39.958  99
  -61.750  15.950  -40.223  99
  -61.750  15.925  -40.584  99
  -61.750  15.900  -41.026  99
  -61.750  15.875  -41.479  99
  -61.725  16.625  -41.973  99
  -61.725  16.600  -41.909  99
  -61.725  16.575  -41.844  99
  -61.725  16.550  -41.781  99
  -61.725  16.525  -41.726  99
  -61.725  16.500  -41.679  99
  -61.725  16.475  -41.632  99
  -61.725  16.450  -41.499  99
  -61.725  16.425  -41.209  99
  -61.725  16.400  -40.819  99
  -61.725  16.375  -40.413  99
  -61.725  16.350  -40.064  99
  -61.725  16.325  -39.796  03
  -61.725  16.300  -39.602  03
  -61.725  16.275  -39.446  03
  -61.725  16.250  -39.321  03
  -61.725  16.225  -39.223  03
  -61.725  16.200  -39.149  03
  -61.725  16.175  -39.101  03
  -61.725  16.150  -39.082  03
  -61.725  16.125  -39.077  03
  -61.725  16.100  -39.082  03
  -61.725  16.075  -39.111  03
  -61.725  16.050  -39.190  03
  -61.725  16.025  -39.322  03
  -61.725  16.000  -39.466  03
  -61.725  15.975  -39.618  99
  -61.725  15.950  -39.783  99
  -61.725  15.925  -40.289  99
  -61.725  15.900  -40.957  99
  -61.725  15.875  -41.634  99
  -61.700  16.625  -42.100  99
  -61.700  16.600  -42.035  99
  -61.700  16.575  -41.974  99
  -61.700  16.550  -41.917  99
  -61.700  16.525  -41.847  99
  -61.700  16.500  -41.784  99
  -61.700  16.475  -41.730  99
  -61.700  16.450  -41.610  99
  -61.700  16.425  -41.312  99
  -61.700  16.400  -40.935  99
  -61.700  16.375  -40.535  99
  -61.700  16.350  -40.161  03
  -61.700  16.325  -39.861  03
  -61.700  16.300  -39.677  03
  -61.700  16.275  -39.551  03
  -61.700  16.250  -39.421  03
  -61.700  16.225  -39.298  03
  -61.700  16.200  -39.194  03
  -61.700  16.175  -39.114  03
  -61.700  16.150  -39.066  03
  -61.700  16.125  -39.013  03
  -61.700  16.100  -38.973  03
  -61.700  16.075  -38.971  03
  -61.700  16.050  -39.032  03
  -61.700  16.025  -39.180  03
  -61.700  16.000  -39.304  03
  -61.700  15.975  -39.346  03
  -61.700  15.950  -39.477  03
  -61.700  15.925  -40.103  99
  -61.700  15.900  -40.929  99
  -61.700  15.875  -41.706  99
  -61.675  16.625  -42.254  99
  -61.675  16.600  -42.181  99
  -61.675  16.575  -42.110  99
  -61.675  16.550  -42.040  99
  -61.675  16.525  -41.966  99
  -61.675  16.500  -41.895  99
  -61.675  16.475  -41.824  99
  -61.675  16.450  -41.681  99
  -61.675  16.425  -41.413  99
  -61.675  16.400  -41.054  99
  -61.675  16.375  -40.659  99
  -61.675  16.350  -40.287  99
  -61.675  16.325  -39.988  03
  -61.675  16.300  -39.793  03
  -61.675  16.275  -39.700  03
  -61.675  16.250  -39.547  03
  -61.675  16.225  -39.411  03
  -61.675  16.200  -39.318  03
  -61.675  16.175  -39.248  03
  -61.675  16.150  -39.141  03
  -61.675  16.125  -39.021  03
  -61.675  16.100  -38.936  03
  -61.675  16.075  -38.902  03
  -61.675  16.050  -38.923  03
  -61.675  16.025  -39.014  03
  -61.675  16.000  -39.110  03
  -61.675  15.975  -39.205  03
  -61.675  15.950  -39.488  99
  -61.675  15.925  -40.096  99
  -61.675  15.900  -40.861  99
  -61.675  15.875  -41.616  99
  -61.650  16.625  -42.442  99
  -61.650  16.600  -42.346  99
  -61.650  16.575  -42.253  99
  -61.650  16.550  -42.164  99
  -61.650  16.525  -42.080  99
  -61.650  16.500  -41.993  99
  -61.650  16.475  -41.930  99
  -61.650  16.450  -41.781  99
  -61.650  16.425  -41.511  99
  -61.650  16.400  -41.150  99
  -61.650  16.375  -40.761  99
  -61.650  16.350  -40.404  99
  -61.650  16.325  -40.121  99
  -61.650  16.300  -39.928  99
  -61.650  16.275  -39.802  03
  -61.650  16.250  -39.651  03
  -61.650  16.225  -39.512  03
  -61.650  16.200  -39.449  03
  -61.650  16.175  -39.389  03
  -61.650  16.150  -39.228  03
  -61.650  16.125  -39.064  03
  -61.650  16.100  -38.951  03
  -61.650  16.075  -38.902  03
  -61.650  16.050  -38.910  03
  -61.650  16.025  -38.959  03
  -61.650  16.000  -39.040  03
  -61.650  15.975  -39.218  03
  -61.650  15.950  -39.625  99
  -61.650  15.925  -40.213  99
  -61.650  15.900  -40.833  99
  -61.650  15.875  -41.333  99
  -61.625  16.625  -42.665  99
  -61.625  16.600  -42.533  99
  -61.625  16.575  -42.405  99
  -61.625  16.550  -42.290  99
  -61.625  16.525  -42.200  99
  -61.625  16.500  -42.125  99
  -61.625  16.475  -42.046  99
  -61.625  16.450  -41.889  99
  -61.625  16.425  -41.583  99
  -61.625  16.400  -41.202  99
  -61.625  16.375  -40.821  99
  -61.625  16.350  -40.489  99
  -61.625  16.325  -40.227  99
  -61.625  16.300  -40.038  03
  -61.625  16.275  -39.898  03
  -61.625  16.250  -39.749  03
  -61.625  16.225  -39.599  03
  -61.625  16.200  -39.528  03
  -61.625  16.175  -39.438  03
  -61.625  16.150  -39.290  03
  -61.625  16.125  -39.132  03
  -61.625  16.100  -39.013  03
  -61.625  16.075  -38.963  03
  -61.625  16.050  -38.988  03
  -61.625  16.025  -39.068  03
  -61.625  16.000  -39.166  03
  -61.625  15.975  -39.409  03
  -61.625  15.950  -39.896  99
  -61.625  15.925  -40.401  99
  -61.625  15.900  -40.748  99
  -61.625  15.875  -40.837  99
  -61.600  16.625  -42.925  99
  -61.600  16.600  -42.745  99
  -61.600  16.575  -42.570  99
  -61.600  16.550  -42.412  99
  -61.600  16.525  -42.295  99
  -61.600  16.500  -42.201  99
  -61.600  16.475  -42.095  99
  -61.600  16.450  -41.950  99
  -61.600  16.425  -41.576  99
  -61.600  16.400  -41.185  99
  -61.600  16.375  -40.837  99
  -61.600  16.350  -40.544  99
  -61.600  16.325  -40.305  99
  -61.600  16.300  -40.117  99
  -61.600  16.275  -39.975  03
  -61.600  16.250  -39.870  03
  -61.600  16.225  -39.819  03
  -61.600  16.200  -39.668  03
  -61.600  16.175  -39.540  03
  -61.600  16.150  -39.404  03
  -61.600  16.125  -39.258  03
  -61.600  16.100  -39.131  03
  -61.600  16.075  -39.086  03
  -61.600  16.050  -39.143  03
  -61.600  16.025  -39.294  03
  -61.600  16.000  -39.480  03
  -61.600  15.975  -39.792  99
  -61.600  15.950  -40.221  99
  -61.600  15.925  -40.607  99
  -61.600  15.900  -40.734  99
  -61.600  15.875  -40.226  99
  -61.575  16.625  -43.217  99
  -61.575  16.600  -42.981  99
  -61.575  16.575  -42.752  99
  -61.575  16.550  -42.540  99
  -61.575  16.525  -42.350  99
  -61.575  16.500  -42.181  99
  -61.575  16.475  -42.002  99
  -61.575  16.450  -41.761  99
  -61.575  16.425  -41.431  99
  -61.575  16.400  -41.109  99
  -61.575  16.375  -40.831  99
  -61.575  16.350  -40.594  99
  -61.575  16.325  -40.383  99
  -61.575  16.300  -40.192  99
  -61.575  16.275  -40.051  03
  -61.575  16.250  -39.989  03
  -61.575  16.225  -39.904  99
  -61.575  16.200  -39.820  99
  -61.575  16.175  -39.753  99
  -61.575  16.150  -39.648  03
  -61.575  16.125  -39.496  03
  -61.575  16.100  -39.337  03
  -61.575  16.075  -39.303  03
  -61.575  16.050  -39.376  03
  -61.575  16.025  -39.564  99
  -61.575  16.000  -39.812  99
  -61.575  15.975  -40.126  99
  -61.575  15.950  -40.468  99
  -61.575  15.925  -40.698  99
  -61.575  15.900  -40.564  99
  -61.575  15.875  -39.857  99
  -61.550  16.625  -43.531  99
  -61.550  16.600  -43.234  99
  -61.550  16.575  -42.942  99
  -61.550  16.550  -42.660  99
  -61.550  16.525  -42.366  99
  -61.550  16.500  -42.099  99
  -61.550  16.475  -41.850  99
  -61.550  16.450  -41.568  99
  -61.550  16.425  -41.245  99
  -61.550  16.400  -41.026  99
  -61.550  16.375  -40.843  99
  -61.550  16.350  -40.664  99
  -61.550  16.325  -40.487  99
  -61.550  16.300  -40.298  99
  -61.550  16.275  -40.113  03
  -61.550  16.250  -40.164  03
  -61.550  16.225  -39.901  99
  -61.550  16.200  -40.028  99
  -61.550  16.175  -40.088  99
  -61.550  16.150  -40.020  99
  -61.550  16.125  -39.871  99
  -61.550  16.100  -39.704  99
  -61.550  16.075  -39.675  99
  -61.550  16.050  -39.747  99
  -61.550  16.025  -39.891  99
  -61.550  16.000  -40.091  99
  -61.550  15.975  -40.328  99
  -61.550  15.950  -40.559  99
  -61.550  15.925  -40.706  99
  -61.550  15.900  -40.639  99
  -61.550  15.875  -40.108  99
  -61.525  16.625  -43.851  99
  -61.525  16.600  -43.495  99
  -61.525  16.575  -43.133  99
  -61.525  16.550  -42.761  99
  -61.525  16.525  -42.377  99
  -61.525  16.500  -42.006  99
  -61.525  16.475  -41.703  99
  -61.525  16.450  -41.491  99
  -61.525  16.425  -41.172  99
  -61.525  16.400  -41.034  99
  -61.525  16.375  -40.919  99
  -61.525  16.350  -40.772  99
  -61.525  16.325  -40.604  03
  -61.525  16.300  -40.472  03
  -61.525  16.275  -40.279  03
  -61.525  16.250  -40.175  03
  -61.525  16.225  -40.109  99
  -61.525  16.200  -40.411  99
  -61.525  16.175  -40.473  99
  -61.525  16.150  -40.426  99
  -61.525  16.125  -40.315  99
  -61.525  16.100  -40.212  99
  -61.525  16.075  -40.155  99
  -61.525  16.050  -40.166  99
  -61.525  16.025  -40.202  99
  -61.525  16.000  -40.285  99
  -61.525  15.975  -40.409  99
  -61.525  15.950  -40.535  99
  -61.525  15.925  -40.615  99
  -61.525  15.900  -40.574  99
  -61.525  15.875  -40.382  99
  -61.500  16.625  -44.155  99
  -61.500  16.600  -43.757  99
  -61.500  16.575  -43.346  99
  -61.500  16.550  -42.907  99
  -61.500  16.525  -42.461  99
  -61.500  16.500  -41.998  99
  -61.500  16.475  -41.581  99
  -61.500  16.450  -41.499  03
  -61.500  16.425  -41.324  03
  -61.500  16.400  -41.176  03
  -61.500  16.375  -41.080  03
  -61.500  16.350  -40.943  03
  -61.500  16.325  -40.697  03
  -61.500  16.300  -40.533  03
  -61.500  16.275  -40.496  03
  -61.500  16.250  -40.330  03
  -61.500  16.225  -40.421  03
  -61.500  16.200  -40.686  03
  -61.500  16.175  -40.731  99
  -61.500  16.150  -40.750  99
  -61.500  16.125  -40.672  99
  -61.500  16.100  -40.628  99
  -61.500  16.075  -40.531  99
  -61.500  16.050  -40.506  99
  -61.500  16.025  -40.417  99
  -61.500  16.000  -40.387  99
  -61.500  15.975  -40.420  99
  -61.500  15.950  -40.467  99
  -61.500  15.925  -40.526  99
  -61.500  15.900  -40.546  99
  -61.500  15.875  -40.546  99
  -61.475  16.625  -44.425  99
  -61.475  16.600  -44.014  99
  -61.475  16.575  -43.591  99
  -61.475  16.550  -43.142  99
  -61.475  16.525  -42.662  99
  -61.475  16.500  -42.201  03
  -61.475  16.475  -41.853  03
  -61.475  16.450  -41.698  03
  -61.475  16.425  -41.535  03
  -61.475  16.400  -41.349  03
  -61.475  16.375  -41.276  03
  -61.475  16.350  -41.226  03
  -61.475  16.325  -40.878  03
  -61.475  16.300  -40.620  03
  -61.475  16.275  -40.600  03
  -61.475  16.250  -40.355  03
  -61.475  16.225  -40.268  03
  -61.475  16.200  -40.557  03
  -61.475  16.175  -40.770  99
  -61.475  16.150  -40.849  99
  -61.475  16.125  -40.816  99
  -61.475  16.100  -40.739  99
  -61.475  16.075  -40.657  99
  -61.475  16.050  -40.578  99
  -61.475  16.025  -40.485  99
  -61.475  16.000  -40.423  99
  -61.475  15.975  -40.424  99
  -61.475  15.950  -40.456  99
  -61.475  15.925  -40.499  99
  -61.475  15.900  -40.546  99
  -61.475  15.875  -40.617  99
  -61.450  16.625  -44.659  99
  -61.450  16.600  -44.256  99
  -61.450  16.575  -43.851  99
  -61.450  16.550  -43.433  99
  -61.450  16.525  -42.956  99
  -61.450  16.500  -42.520  03
  -61.450  16.475  -42.183  03
  -61.450  16.450  -41.943  03
  -61.450  16.425  -41.757  03
  -61.450  16.400  -41.562  03
  -61.450  16.375  -41.428  03
  -61.450  16.350  -41.496  03
  -61.450  16.325  -41.074  03
  -61.450  16.300  -40.725  03
  -61.450  16.275  -40.713  03
  -61.450  16.250  -40.450  03
  -61.450  16.225  -40.237  03
  -61.450  16.200  -40.517  03
  -61.450  16.175  -40.761  99
  -61.450  16.150  -40.869  99
  -61.450  16.125  -40.840  99
  -61.450  16.100  -40.716  99
  -61.450  16.075  -40.656  99
  -61.450  16.050  -40.561  99
  -61.450  16.025  -40.479  99
  -61.450  16.000  -40.409  99
  -61.450  15.975  -40.432  99
  -61.450  15.950  -40.481  99
  -61.450  15.925  -40.520  99
  -61.450  15.900  -40.554  99
  -61.450  15.875  -40.634  99
  -61.425  16.625  -44.865  99
  -61.425  16.600  -44.480  99
  -61.425  16.575  -44.093  99
  -61.425  16.550  -43.693  99
  -61.425  16.525  -43.271  99
  -61.425  16.500  -42.871  99
  -61.425  16.475  -42.519  03
  -61.425  16.450  -42.225  03
  -61.425  16.425  -42.069  03
  -61.425  16.400  -41.900  03
  -61.425  16.375  -41.630  03
  -61.425  16.350  -41.611  03
  -61.425  16.325  -41.302  03
  -61.425  16.300  -41.011  03
  -61.425  16.275  -40.886  03
  -61.425  16.250  -40.736  03
  -61.425  16.225  -40.594  03
  -61.425  16.200  -40.662  99
  -61.425  16.175  -40.805  99
  -61.425  16.150  -40.901  99
  -61.425  16.125  -40.869  99
  -61.425  16.100  -40.763  99
  -61.425  16.075  -40.670  99
  -61.425  16.050  -40.576  99
  -61.425  16.025  -40.485  99
  -61.425  16.000  -40.427  99
  -61.425  15.975  -40.447  99
  -61.425  15.950  -40.506  99
  -61.425  15.925  -40.553  99
  -61.425  15.900  -40.590  99
  -61.425  15.875  -40.610  99
  -61.400  16.625  -45.053  99
  -61.400  16.600  -44.691  99
  -61.400  16.575  -44.327  99
  -61.400  16.550  -43.960  99
  -61.400  16.525  -43.587  99
  -61.400  16.500  -43.227  99
  -61.400  16.475  -42.896  99
  -61.400  16.450  -42.617  03
  -61.400  16.425  -42.406  03
  -61.400  16.400  -42.182  03
  -61.400  16.375  -41.875  03
  -61.400  16.350  -41.597  03
  -61.400  16.325  -41.411  03
  -61.400  16.300  -41.232  03
  -61.400  16.275  -41.026  03
  -61.400  16.250  -40.867  03
  -61.400  16.225  -40.752  03
  -61.400  16.200  -40.793  99
  -61.400  16.175  -40.899  99
  -61.400  16.150  -40.985  99
  -61.400  16.125  -40.919  99
  -61.400  16.100  -40.800  99
  -61.400  16.075  -40.704  99
  -61.400  16.050  -40.614  99
  -61.400  16.025  -40.506  99
  -61.400  16.000  -40.429  99
  -61.400  15.975  -40.438  99
  -61.400  15.950  -40.494  99
  -61.400  15.925  -40.516  99
  -61.400  15.900  -40.559  99
  -61.400  15.875  -40.514  99
  -61.375  16.625  -45.236  99
  -61.375  16.600  -44.898  99
  -61.375  16.575  -44.559  99
  -61.375  16.550  -44.224  99
  -61.375  16.525  -43.895  99
  -61.375  16.500  -43.577  99
  -61.375  16.475  -43.278  99
  -61.375  16.450  -42.999  99
  -61.375  16.425  -42.725  99
  -61.375  16.400  -42.431  99
  -61.375  16.375  -42.120  99
  -61.375  16.350  -41.861  99
  -61.375  16.325  -41.707  03
  -61.375  16.300  -41.467  03
  -61.375  16.275  -41.157  03
  -61.375  16.250  -41.008  03
  -61.375  16.225  -40.902  03
  -61.375  16.200  -40.936  99
  -61.375  16.175  -41.003  99
  -61.375  16.150  -41.031  99
  -61.375  16.125  -40.965  99
  -61.375  16.100  -40.850  99
  -61.375  16.075  -40.741  99
  -61.375  16.050  -40.638  99
  -61.375  16.025  -40.534  99
  -61.375  16.000  -40.446  99
  -61.375  15.975  -40.389  99
  -61.375  15.950  -40.358  99
  -61.375  15.925  -40.337  99
  -61.375  15.900  -40.338  99
  -61.375  15.875  -40.330  99
  -61.350  16.625  -45.431  99
  -61.350  16.600  -45.112  99
  -61.350  16.575  -44.796  99
  -61.350  16.550  -44.487  99
  -61.350  16.525  -44.193  99
  -61.350  16.500  -43.907  99
  -61.350  16.475  -43.630  99
  -61.350  16.450  -43.351  99
  -61.350  16.425  -43.050  99
  -61.350  16.400  -42.716  99
  -61.350  16.375  -42.373  99
  -61.350  16.350  -42.103  99
  -61.350  16.325  -42.027  03
  -61.350  16.300  -41.742  03
  -61.350  16.275  -41.436  03
  -61.350  16.250  -41.246  03
  -61.350  16.225  -41.128  03
  -61.350  16.200  -41.109  99
  -61.350  16.175  -41.121  99
  -61.350  16.150  -41.104  99
  -61.350  16.125  -41.011  99
  -61.350  16.100  -40.886  99
  -61.350  16.075  -40.777  99
  -61.350  16.050  -40.668  99
  -61.350  16.025  -40.558  99
  -61.350  16.000  -40.449  99
  -61.350  15.975  -40.325  99
  -61.350  15.950  -40.204  99
  -61.350  15.925  -40.109  99
  -61.350  15.900  -40.091  99
  -61.350  15.875  -40.131  99
  -61.325  16.625  -45.652  99
  -61.325  16.600  -45.344  99
  -61.325  16.575  -45.042  99
  -61.325  16.550  -44.753  99
  -61.325  16.525  -44.475  99
  -61.325  16.500  -44.207  99
  -61.325  16.475  -43.936  99
  -61.325  16.450  -43.663  99
  -61.325  16.425  -43.374  99
  -61.325  16.400  -43.046  99
  -61.325  16.375  -42.653  99
  -61.325  16.350  -42.272  99
  -61.325  16.325  -42.012  03
  -61.325  16.300  -41.886  03
  -61.325  16.275  -41.652  03
  -61.325  16.250  -41.430  99
  -61.325  16.225  -41.334  99
  -61.325  16.200  -41.296  99
  -61.325  16.175  -41.242  99
  -61.325  16.150  -41.163  99
  -61.325  16.125  -41.053  99
  -61.325  16.100  -40.933  99
  -61.325  16.075  -40.814  99
  -61.325  16.050  -40.697  99
  -61.325  16.025  -40.569  99
  -61.325  16.000  -40.431  99
  -61.325  15.975  -40.277  99
  -61.325  15.950  -40.115  99
  -61.325  15.925  -39.967  03
  -61.325  15.900  -39.940  99
  -61.325  15.875  -39.999  99
  -61.300  16.625  -45.911  99
  -61.300  16.600  -45.600  99
  -61.300  16.575  -45.297  99
  -61.300  16.550  -45.013  99
  -61.300  16.525  -44.733  99
  -61.300  16.500  -44.474  99
  -61.300  16.475  -44.190  99
  -61.300  16.450  -43.923  99
  -61.300  16.425  -43.651  99
  -61.300  16.400  -43.371  99
  -61.300  16.375  -42.941  99
  -61.300  16.350  -42.539  99
  -61.300  16.325  -42.244  99
  -61.300  16.300  -42.089  03
  -61.300  16.275  -41.759  03
  -61.300  16.250  -41.563  03
  -61.300  16.225  -41.516  99
  -61.300  16.200  -41.471  99
  -61.300  16.175  -41.342  99
  -61.300  16.150  -41.221  99
  -61.300  16.125  -41.089  99
  -61.300  16.100  -40.971  99
  -61.300  16.075  -40.839  99
  -61.300  16.050  -40.721  99
  -61.300  16.025  -40.579  99
  -61.300  16.000  -40.431  99
  -61.300  15.975  -40.280  03
  -61.300  15.950  -40.142  03
  -61.300  15.925  -40.044  03
  -61.300  15.900  -39.993  03
  -61.300  15.875  -39.956  99
  -61.275  16.625  -46.213  99
  -61.275  16.600  -45.890  99
  -61.275  16.575  -45.569  99
  -61.275  16.550  -45.258  99
  -61.275  16.525  -44.969  99
  -61.275  16.500  -44.687  99
  -61.275  16.475  -44.404  99
  -61.275  16.450  -44.119  99
  -61.275  16.425  -43.841  99
  -61.275  16.400  -43.538  99
  -61.275  16.375  -43.187  99
  -61.275  16.350  -42.830  99
  -61.275  16.325  -42.507  99
  -61.275  16.300  -42.204  03
  -61.275  16.275  -41.821  03
  -61.275  16.250  -41.825  03
  -61.275  16.225  -41.679  99
  -61.275  16.200  -41.539  99
  -61.275  16.175  -41.399  99
  -61.275  16.150  -41.256  99
  -61.275  16.125  -41.122  99
  -61.275  16.100  -40.987  99
  -61.275  16.075  -40.855  99
  -61.275  16.050  -40.725  99
  -61.275  16.025  -40.603  99
  -61.275  16.000  -40.478  03
  -61.275  15.975  -40.349  03
  -61.275  15.950  -40.247  03
  -61.275  15.925  -40.187  03
  -61.275  15.900  -40.094  03
  -61.275  15.875  -39.991  03
  -61.250  16.625  -46.555  99
  -61.250  16.600  -46.223  99
  -61.250  16.575  -45.884  99
  -61.250  16.550  -45.541  99
  -61.250  16.525  -45.248  99
  -61.250  16.500  -44.939  99
  -61.250  16.475  -44.649  99
  -61.250  16.450  -44.332  99
  -61.250  16.425  -44.046  99
  -61.250  16.400  -43.725  99
  -61.250  16.375  -43.436  99
  -61.250  16.350  -43.118  99
  -61.250  16.325  -42.773  99
  -61.250  16.300  -42.398  99
  -61.250  16.275  -42.057  03
  -61.250  16.250  -41.897  03
  -61.250  16.225  -41.768  99
  -61.250  16.200  -41.622  99
  -61.250  16.175  -41.499  99
  -61.250  16.150  -41.340  99
  -61.250  16.125  -41.210  99
  -61.250  16.100  -41.057  99
  -61.250  16.075  -40.925  99
  -61.250  16.050  -40.775  99
  -61.250  16.025  -40.677  99
  -61.250  16.000  -40.581  03
  -61.250  15.975  -40.492  03
  -61.250  15.950  -40.417  03
  -61.250  15.925  -40.336  03
  -61.250  15.900  -40.222  03
  -61.250  15.875  -40.121  03
  -61.225  16.625  -46.933  99
  -61.225  16.600  -46.601  99
  -61.225  16.575  -46.269  99
  -61.225  16.550  -45.940  99
  -61.225  16.525  -45.623  99
  -61.225  16.500  -45.308  99
  -61.225  16.475  -44.994  99
  -61.225  16.450  -44.675  99
  -61.225  16.425  -44.361  99
  -61.225  16.400  -44.045  99
  -61.225  16.375  -43.742  99
  -61.225  16.350  -43.429  99
  -61.225  16.325  -43.096  99
  -61.225  16.300  -42.711  99
  -61.225  16.275  -42.297  99
  -61.225  16.250  -41.998  03
  -61.225  16.225  -41.893  99
  -61.225  16.200  -41.832  99
  -61.225  16.175  -41.716  99
  -61.225  16.150  -41.557  99
  -61.225  16.125  -41.404  99
  -61.225  16.100  -41.253  99
  -61.225  16.075  -41.104  99
  -61.225  16.050  -40.955  99
  -61.225  16.025  -40.822  99
  -61.225  16.000  -40.720  99
  -61.225  15.975  -40.662  03
  -61.225  15.950  -40.622  03
  -61.225  15.925  -40.542  03
  -61.225  15.900  -40.443  03
  -61.225  15.875  -40.349  03
  -61.200  16.625  -47.347  99
  -61.200  16.600  -47.018  99
  -61.200  16.575  -46.695  99
  -61.200  16.550  -46.380  99
  -61.200  16.525  -46.048  99
  -61.200  16.500  -45.727  99
  -61.200  16.475  -45.395  99
  -61.200  16.450  -45.071  99
  -61.200  16.425  -44.740  99
  -61.200  16.400  -44.414  99
  -61.200  16.375  -44.091  99
  -61.200  16.350  -43.759  99
  -61.200  16.325  -43.464  99
  -61.200  16.300  -43.100  99
  -61.200  16.275  -42.571  99
  -61.200  16.250  -42.159  03
  -61.200  16.225  -42.077  99
  -61.200  16.200  -42.129  99
  -61.200  16.175  -41.998  99
  -61.200  16.150  -41.817  99
  -61.200  16.125  -41.653  99
  -61.200  16.100  -41.503  99
  -61.200  16.075  -41.339  99
  -61.200  16.050  -41.187  99
  -61.200  16.025  -41.006  99
  -61.200  16.000  -40.874  99
  -61.200  15.975  -40.839  99
  -61.200  15.950  -40.832  03
  -61.200  15.925  -40.782  03
  -61.200  15.900  -40.713  03
  -61.200  15.875  -40.643  99
  -61.175  16.625  -47.799  99
  -61.175  16.600  -47.464  99
  -61.175  16.575  -47.132  99
  -61.175  16.550  -46.801  99
  -61.175  16.525  -46.466  99
  -61.175  16.500  -46.131  99
  -61.175  16.475  -45.793  99
  -61.175  16.450  -45.458  99
  -61.175  16.425  -45.120  99
  -61.175  16.400  -44.786  99
  -61.175  16.375  -44.451  99
  -61.175  16.350  -44.129  99
  -61.175  16.325  -43.808  99
  -61.175  16.300  -43.406  99
  -61.175  16.275  -42.849  99
  -61.175  16.250  -42.349  03
  -61.175  16.225  -42.296  99
  -61.175  16.200  -42.356  99
  -61.175  16.175  -42.262  99
  -61.175  16.150  -42.082  99
  -61.175  16.125  -41.901  99
  -61.175  16.100  -41.733  99
  -61.175  16.075  -41.564  99
  -61.175  16.050  -41.388  99
  -61.175  16.025  -41.199  99
  -61.175  16.000  -41.063  99
  -61.175  15.975  -41.030  99
  -61.175  15.950  -41.041  99
  -61.175  15.925  -41.034  99
  -61.175  15.900  -41.007  99
  -61.175  15.875  -40.966  99
  -61.150  16.625  -48.285  99
  -61.150  16.600  -47.930  99
  -61.150  16.575  -47.575  99
  -61.150  16.550  -47.220  99
  -61.150  16.525  -46.868  99
  -61.150  16.500  -46.516  99
  -61.150  16.475  -46.160  99
  -61.150  16.450  -45.810  99
  -61.150  16.425  -45.450  99
  -61.150  16.400  -45.103  99
  -61.150  16.375  -44.736  99
  -61.150  16.350  -44.399  99
  -61.150  16.325  -44.053  99
  -61.150  16.300  -43.691  99
  -61.150  16.275  -43.158  99
  -61.150  16.250  -42.752  99
  -61.150  16.225  -42.625  99
  -61.150  16.200  -42.639  99
  -61.150  16.175  -42.486  99
  -61.150  16.150  -42.295  99
  -61.150  16.125  -42.118  99
  -61.150  16.100  -41.949  99
  -61.150  16.075  -41.777  99
  -61.150  16.050  -41.603  99
  -61.150  16.025  -41.409  99
  -61.150  16.000  -41.258  99
  -61.150  15.975  -41.246  99
  -61.150  15.950  -41.278  99
  -61.150  15.925  -41.291  99
  -61.150  15.900  -41.299  99
  -61.150  15.875  -41.281  99
  -61.125  16.625  -48.799  99
  -61.125  16.600  -48.413  99
  -61.125  16.575  -48.025  99
  -61.125  16.550  -47.639  99
  -61.125  16.525  -47.253  99
  -61.125  16.500  -46.866  99
  -61.125  16.475  -46.477  99
  -61.125  16.450  -46.086  99
  -61.125  16.425  -45.690  99
  -61.125  16.400  -45.292  99
  -61.125  16.375  -44.889  99
  -61.125  16.350  -44.497  99
  -61.125  16.325  -44.113  99
  -61.125  16.300  -43.733  99
  -61.125  16.275  -43.342  99
  -61.125  16.250  -43.040  99
  -61.125  16.225  -42.868  99
  -61.125  16.200  -42.768  99
  -61.125  16.175  -42.633  99
  -61.125  16.150  -42.471  99
  -61.125  16.125  -42.306  99
  -61.125  16.100  -42.142  99
  -61.125  16.075  -41.977  99
  -61.125  16.050  -41.811  99
  -61.125  16.025  -41.652  99
  -61.125  16.000  -41.539  99
  -61.125  15.975  -41.504  99
  -61.125  15.950  -41.516  99
  -61.125  15.925  -41.537  99
  -61.125  15.900  -41.556  99
  -61.125  15.875  -41.565  99
  -61.100  16.625  -49.334  99
  -61.100  16.600  -48.908  99
  -61.100  16.575  -48.482  99
  -61.100  16.550  -48.054  99
  -61.100  16.525  -47.625  99
  -61.100  16.500  -47.192  99
  -61.100  16.475  -46.754  99
  -61.100  16.450  -46.309  99
  -61.100  16.425  -45.857  99
  -61.100  16.400  -45.399  99
  -61.100  16.375  -44.937  99
  -61.100  16.350  -44.482  99
  -61.100  16.325  -44.055  99
  -61.100  16.300  -43.686  99
  -61.100  16.275  -43.395  99
  -61.100  16.250  -43.173  99
  -61.100  16.225  -43.004  99
  -61.100  16.200  -42.867  99
  -61.100  16.175  -42.741  99
  -61.100  16.150  -42.609  99
  -61.100  16.125  -42.468  99
  -61.100  16.100  -42.323  99
  -61.100  16.075  -42.176  99
  -61.100  16.050  -42.036  99
  -61.100  16.025  -41.914  99
  -61.100  16.000  -41.827  99
  -61.100  15.975  -41.782  99
  -61.100  15.950  -41.773  99
  -61.100  15.925  -41.784  99
  -61.100  15.900  -41.802  99
  -61.100  15.875  -41.820  99
  -61.075  16.625  -49.883  99
  -61.075  16.600  -49.413  99
  -61.075  16.575  -48.942  99
  -61.075  16.550  -48.468  99
  -61.075  16.525  -47.988  99
  -61.075  16.500  -47.501  99
  -61.075  16.475  -47.004  99
  -61.075  16.450  -46.496  99
  -61.075  16.425  -45.978  99
  -61.075  16.400  -45.453  99
  -61.075  16.375  -44.928  99
  -61.075  16.350  -44.416  99
  -61.075  16.325  -43.948  99
  -61.075  16.300  -43.594  99
  -61.075  16.275  -43.370  99
  -61.075  16.250  -43.205  99
  -61.075  16.225  -43.066  99
  -61.075  16.200  -42.943  99
  -61.075  16.175  -42.833  99
  -61.075  16.150  -42.726  99
  -61.075  16.125  -42.615  99
  -61.075  16.100  -42.498  99
  -61.075  16.075  -42.381  99
  -61.075  16.050  -42.272  99
  -61.075  16.025  -42.180  99
  -61.075  16.000  -42.111  99
  -61.075  15.975  -42.065  99
  -61.075  15.950  -42.043  99
  -61.075  15.925  -42.039  99
  -61.075  15.900  -42.045  99
  -61.075  15.875  -42.055  99