   -21.50        -20.75     
    55.14         55.94     
   0.01   0.01
    9999      9999      9999      9999      9999      9999      9999      9999 
    9999      9999      9999      9999      9999      9999      9999      9999 
    9999      9999      9999      9999      9999      9999      9999      9999 
    9999      9999      9999      9999      9999      9999      9999      9999 
    9999      9999      9999      9999      9999      9999      9999      9999 
    9999      9999      9999      9999      9999      9999      9999      9999 
    9999      9999      9999      9999      9999      9999      9999      9999 
    9999      9999      9999      9999      9999      9999      9999      9999 
    9999      9999      9999      9999      9999      9999      9999      9999 
    9999      9999      9999      9999      9999      9999      9999      9999 
    9999 

    9999      9999      9999      9999      9999      9999      9999      9999 
    9999      9999      9999      9999      9999      9999      9999      9999 
    9999      9999      9999      9999      9999      9999      9999      9999 
    9999      9999      9999      9999      9999      9999      9999      9999 
    9999      9999      9999      9999      9999      9999      9999      9999 
    9999      9999      9999      9999      9999      9999      9999      9999 
    9999      9999      9999      9999      9999      9999      9999      9999 
    9999      9999      9999      9999      9999      9999      9999      9999 
    9999      9999      9999      9999      9999      9999      9999      9999 
    9999      9999      9999      9999      9999      9999      9999      9999 
    9999 

    9999      9999      9999      9999      9999      9999      9999      9999 
    9999      9999      9999      9999      9999      9999      9999      9999 
    9999      9999      9999      9999      9999      9999      9999      9999 
    9999      9999      9999      9999      9999      9999      9999      9999 
    9999      9999      9999      9999      9999      9999      9999      9999 
    9999      9999      9999      9999      9999      9999      9999      9999 
    9999      9999      9999      9999      9999      9999      9999      9999 
    9999      9999      9999      9999      9999      9999      9999      9999 
    9999      9999      9999      9999      9999      9999      9999      9999 
    9999      9999      9999      9999      9999      9999      9999      9999 
    9999 

    9999      9999      9999      9999      9999      9999      9999      9999 
    9999      9999      9999      9999      9999      9999      9999      9999 
    9999      9999      9999      9999      9999      9999      9999      9999 
    9999      9999      9999      9999      9999      9999      9999      9999 
    9999      9999      9999      9999      9999      9999      9999      9999 
    9999      9999      9999      9999      9999      9999      9999      9999 
    9999      9999      9999      9999      9999      9999      9999      9999 
    9999      9999      9999      9999      9999      9999      9999      9999 
    9999      9999      9999      9999      9999      9999      9999      9999 
    9999      9999      9999      9999      9999      9999      9999      9999 
    9999 

    9999      9999      9999      9999      9999      9999      9999      9999 
    9999      9999      9999      9999      9999      9999      9999      9999 
    9999      9999      9999      9999      9999      9999      9999      9999 
    9999      9999      9999      9999      9999      9999      9999      9999 
    9999      9999      9999      9999      9999      9999      9999      9999 
    9999      9999      9999      9999      9999      9999      9999      9999 
    9999      9999      9999      9999      9999      9999      9999      9999 
    9999      9999      9999      9999      9999      9999      9999      9999 
    9999      9999      9999      9999      9999      9999      9999      9999 
    9999      9999      9999      9999      9999      9999      9999      9999 
    9999 

    9999      9999      9999      9999      9999      9999      9999      9999 
    9999      9999      9999      9999      9999      9999      9999      9999 
    9999      9999      9999      9999      9999      9999      9999      9999 
    9999      9999      9999      9999      9999      9999      9999      9999 
    9999      9999      9999      9999      9999      9999      9999      9999 
    9999      9999      9999      9999      9999      9999      9999      9999 
    9999      9999      9999      9999      9999      9999      9999      9999 
    9999      9999      9999      9999      9999      9999      9999      9999 
    9999      9999      9999      9999      9999      9999      9999      9999 
    9999      9999      9999      9999      9999      9999      9999      9999 
    9999 

    9999      9999      9999      9999      9999      9999      9999      9999 
    9999      9999      9999      9999      9999      9999      9999      9999 
    9999      9999      9999      9999      9999      9999      9999      9999 
    9999      9999      9999      9999      9999      9999      9999      9999 
    9999      9999      9999      9999      9999      9999      9999      9999 
    9999      9999      9999      9999      9999      9999      9999      9999 
    9999      9999      9999      9999      9999      9999      9999      9999 
    9999      9999      9999      9999      9999      9999      9999      9999 
    9999      9999      9999      9999      9999      9999      9999      9999 
    9999      9999      9999      9999      9999      9999      9999      9999 
    9999 

    9999      9999      9999      9999      9999      9999      9999      9999 
    9999      9999      9999      9999      9999      9999      9999      9999 
    9999      9999      9999      9999      9999      9999      9999      9999 
    9999      9999      9999      9999      9999      9999      9999      9999 
    9999      9999      9999      9999      9999      9999      9999      9999 
    9999      9999      9999      9999      9999      9999      9999      9999 
    9999      9999      9999      9999      9999      9999      9999      9999 
    9999      9999      9999      9999      9999      9999      9999      9999 
    9999      9999      9999      9999      9999      9999      9999      9999 
    9999      9999      9999      9999      9999      9999      9999      9999 
    9999 

    9999      9999      9999      9999      9999      9999      9999      9999 
    9999      9999      9999      9999      9999      9999      9999      9999 
    9999      9999      9999      9999      9999      9999      9999      9999 
    9999      9999      9999      9999      9999      9999      9999      9999 
    9999      9999      9999      9999      9999      9999      9999      9999 
    9999      9999      9999      9999      9999      9999      9999      9999 
    9999      9999      9999      9999      9999      9999      9999      9999 
    9999      9999      9999      9999      9999      9999      9999      9999 
    9999      9999      9999      9999      9999      9999      9999      9999 
    9999      9999      9999      9999      9999      9999      9999      9999 
    9999 

    9999      9999      9999      9999      9999      9999      9999      9999 
    9999      9999      9999      9999      9999      9999      9999      9999 
    9999      9999      9999      9999      9999      9999      9999      9999 
    9999      9999      9999      9999      9999      9999      2.119     2.108
    2.098     2.093     2.085     9999      9999      9999      9999      9999 
    9999      9999      9999      9999      9999      9999      9999      9999 
    9999      9999      9999      9999      9999      9999      9999      9999 
    9999      9999      9999      9999      9999      9999      9999      9999 
    9999      9999      9999      9999      9999      9999      9999      9999 
    9999      9999      9999      9999      9999      9999      9999      9999 
    9999 

    9999      9999      9999      9999      9999      9999      9999      9999 
    9999      9999      9999      9999      9999      9999      9999      9999 
    9999      9999      9999      9999      9999      9999      9999      9999 
    9999      9999      2.266     2.315     2.354     2.374     2.386     2.377
    2.360     2.348     2.338     2.323     2.311     2.297     2.282     2.256
    2.224     9999      9999      9999      9999      9999      9999      9999 
    9999      9999      9999      9999      9999      9999      9999      9999 
    9999      9999      9999      9999      9999      9999      9999      9999 
    9999      9999      9999      9999      9999      9999      9999      9999 
    9999      9999      9999      9999      9999      9999      9999      9999 
    9999 

    9999      9999      9999      9999      9999      9999      9999      9999 
    9999      9999      9999      9999      9999      9999      9999      9999 
    9999      9999      9999      9999      9999      9999      9999      9999 
    2.410     2.474     2.517     2.565     2.610     2.633     2.648     2.642
    2.627     2.611     2.596     2.577     2.562     2.552     2.529     2.500
    2.462     2.420     2.377     2.329     2.274     2.212     9999      9999 
    9999      9999      9999      9999      9999      9999      9999      9999 
    9999      9999      9999      9999      9999      9999      9999      9999 
    9999      9999      9999      9999      9999      9999      9999      9999 
    9999      9999      9999      9999      9999      9999      9999      9999 
    9999 

    9999      9999      9999      9999      9999      9999      9999      9999 
    9999      9999      9999      9999      9999      9999      9999      9999 
    9999      9999      9999      9999      9999      9999      2.517     2.591
    2.657     2.723     2.786     2.819     2.872     2.896     2.909     2.904
    2.895     2.880     2.864     2.842     2.832     2.811     2.783     2.749
    2.706     2.661     2.612     2.558     2.499     2.431     2.346     2.265
    2.163     9999      9999      9999      9999      9999      9999      9999 
    9999      9999      9999      9999      9999      9999      9999      9999 
    9999      9999      9999      9999      9999      9999      9999      9999 
    9999      9999      9999      9999      9999      9999      9999      9999 
    9999 

    9999      9999      9999      9999      9999      9999      9999      9999 
    9999      9999      9999      9999      9999      9999      9999      9999 
    9999      9999      9999      9999      2.591     2.673     2.750     2.825
    2.899     2.972     3.042     3.070     3.094     3.117     3.173     3.163
    3.159     3.149     3.135     3.112     3.092     3.067     3.029     2.989
    2.941     2.892     2.838     2.780     2.716     2.644     2.558     2.471
    2.366     2.252     2.133     9999      9999      9999      9999      9999 
    9999      9999      9999      9999      9999      9999      9999      9999 
    9999      9999      9999      9999      9999      9999      9999      9999 
    9999      9999      9999      9999      9999      9999      9999      9999 
    9999 

    9999      9999      9999      9999      9999      9999      9999      9999 
    9999      9999      9999      9999      9999      9999      2.249     2.334
    2.417     2.512     2.616     2.722     2.816     2.902     2.984     3.066
    3.149     3.186     3.261     3.314     3.343     3.368     3.429     3.431
    3.424     3.409     3.392     3.372     3.347     3.316     3.281     3.229
    3.177     3.123     3.063     3.001     2.932     2.857     2.765     2.672
    2.564     2.448     2.326     2.204     2.076     9999      9999      9999 
    9999      9999      9999      9999      9999      9999      9999      9999 
    9999      9999      9999      9999      9999      9999      9999      9999 
    9999      9999      9999      9999      9999      9999      9999      9999 
    9999 

    9999      9999      9999      9999      9999      9999      9999      9999 
    9999      9999      9999      9999      9999      2.352     2.445     2.537
    2.631     2.728     2.834     2.939     3.038     3.130     3.221     3.272
    3.369     3.451     3.497     3.573     3.588     3.608     3.695     3.675
    3.681     3.664     3.649     3.630     3.601     3.560     3.515     3.460
    3.399     3.342     3.267     3.195     3.128     3.052     2.965     2.868
    2.757     2.641     2.522     2.393     2.266     2.131     1.990     9999 
    9999      9999      9999      9999      9999      9999      9999      9999 
    9999      9999      9999      9999      9999      9999      9999      9999 
    9999      9999      9999      9999      9999      9999      9999      9999 
    9999 

    9999      9999      9999      9999      9999      9999      9999      9999 
    9999      9999      9999      9999      2.441     2.541     2.643     2.743
    2.843     2.942     3.049     3.155     3.259     3.361     3.426     3.507
    3.631     3.677     3.753     3.811     3.834     3.974     3.890     3.939
    3.910     3.934     3.900     3.893     3.847     3.815     3.764     3.696
    3.627     3.575     3.481     3.408     3.335     3.255     3.159     3.066
    2.953     2.832     2.705     2.582     2.454     2.318     2.173     2.025
    9999      9999      9999      9999      9999      9999      9999      9999 
    9999      9999      9999      9999      9999      9999      9999      9999 
    9999      9999      9999      9999      9999      9999      9999      9999 
    9999 

    9999      9999      9999      9999      9999      9999      9999      9999 
    9999      9999      9999      9999      2.620     2.729     2.841     2.948
    3.051     3.155     3.265     3.372     3.479     3.556     3.646     3.739
    3.823     3.906     3.989     4.044     4.201     4.131     4.139     4.165
    4.181     4.181     4.155     4.153     4.107     4.074     4.024     3.959
    3.864     3.789     3.699     3.627     3.547     3.459     3.365     3.276
    3.151     3.023     2.890     2.762     2.632     2.496     2.353     2.202
    2.039     9999      9999      9999      9999      9999      9999      9999 
    9999      9999      9999      9999      9999      9999      9999      9999 
    9999      9999      9999      9999      9999      9999      9999      9999 
    9999 

    9999      9999      9999      9999      9999      9999      9999      9999 
    9999      9999      9999      9999      2.794     2.909     3.028     3.142
    3.252     3.360     3.473     3.582     3.693     3.768     3.870     3.952
    4.045     4.160     4.205     4.250     4.373     4.368     4.391     4.418
    4.416     4.423     4.416     4.397     4.360     4.325     4.281     4.187
    4.111     4.022     3.947     3.857     3.768     3.678     3.575     3.473
    3.347     3.218     3.077     2.940     2.808     2.673     2.529     2.379
    2.210     2.038     9999      9999      9999      9999      9999      9999 
    9999      9999      9999      9999      9999      9999      9999      9999 
    9999      9999      9999      9999      9999      9999      9999      9999 
    9999 

    9999      9999      9999      9999      9999      9999      9999      9999 
    9999      9999      9999      9999      2.960     3.080     3.204     3.320
    3.434     3.547     3.664     3.785     3.895     4.017     4.125     4.217
    4.254     4.355     4.433     4.540     4.537     4.582     4.623     4.649
    4.702     4.655     4.659     4.647     4.641     4.575     4.512     4.441
    4.358     4.273     4.188     4.098     4.002     3.903     3.786     3.673
    3.540     3.409     3.264     3.126     2.986     2.845     2.703     2.548
    2.381     2.206     2.030     9999      9999      9999      9999      9999 
    9999      9999      9999      9999      9999      9999      9999      9999 
    9999      9999      9999      9999      9999      9999      9999      9999 
    9999 

    9999      9999      9999      9999      9999      9999      9999      9999 
    9999      9999      9999      9999      3.117     3.244     3.371     3.489
    3.607     3.726     3.854     3.977     4.079     4.212     4.291     4.385
    4.531     4.548     4.628     4.805     4.910     4.837     4.860     4.992
    4.896     4.919     4.903     4.885     4.870     4.804     4.756     4.684
    4.598     4.509     4.420     4.329     4.235     4.119     4.006     3.888
    3.746     3.598     3.455     3.312     3.166     3.020     2.874     2.721
    2.553     2.376     2.194     2.013     9999      9999      9999      9999 
    9999      9999      9999      9999      9999      9999      9999      9999 
    9999      9999      9999      9999      9999      9999      9999      9999 
    9999 

    9999      9999      9999      9999      9999      9999      9999      9999 
    9999      9999      9999      9999      3.264     3.398     3.528     3.652
    3.776     3.904     4.035     4.165     4.269     4.371     4.482     4.640
    4.660     4.768     4.833     4.922     5.034     5.031     5.077     5.121
    5.122     5.152     5.123     5.136     5.080     5.034     4.971     4.902
    4.834     4.743     4.651     4.558     4.453     4.338     4.219     4.095
    3.954     3.803     3.651     3.500     3.349     3.196     3.046     2.887
    2.723     2.540     2.356     2.170     9999      9999      9999      9999 
    9999      9999      9999      9999      9999      9999      9999      9999 
    9999      9999      9999      9999      9999      9999      9999      9999 
    9999 

    9999      9999      9999      9999      9999      9999      9999      9999 
    9999      9999      3.163     3.279     3.408     3.546     3.683     3.811
    3.945     4.074     4.217     4.353     4.486     4.566     4.666     4.766
    4.867     4.950     5.007     5.139     5.181     5.369     5.271     5.302
    5.326     5.365     5.343     5.470     5.357     5.255     5.199     5.129
    5.066     4.971     4.876     4.781     4.672     4.554     4.433     4.302
    4.155     3.998     3.842     3.685     3.529     3.370     3.213     3.054
    2.885     2.699     2.513     2.324     2.135     9999      9999      9999 
    9999      9999      9999      9999      9999      9999      9999      9999 
    9999      9999      9999      9999      9999      9999      9999      9999 
    9999 

    9999      9999      9999      9999      9999      9999      9999      2.985
    3.086     3.189     3.296     3.415     3.547     3.683     3.822     3.964
    4.104     4.250     4.387     4.515     4.643     4.745     4.961     4.970
    5.074     5.188     5.286     5.292     5.369     5.525     5.460     5.492
    5.518     5.565     5.628     5.717     5.479     5.463     5.422     5.355
    5.288     5.187     5.101     4.992     4.870     4.747     4.620     4.489
    4.347     4.199     4.036     3.875     3.703     3.541     3.379     3.212
    3.048     2.860     2.667     2.474     2.280     9999      9999      9999 
    9999      9999      9999      9999      9999      9999      9999      9999 
    9999      9999      9999      9999      9999      9999      9999      9999 
    9999 

    9999      9999      9999      9999      9999      9999      2.981     3.092
    3.209     3.318     3.425     3.548     3.683     3.822     3.965     4.108
    4.262     4.423     4.546     4.682     4.821     4.936     5.020     5.274
    5.268     5.289     5.509     5.661     5.692     5.645     5.633     5.660
    5.694     5.703     5.904     5.940     5.685     5.663     5.615     5.567
    5.489     5.376     5.296     5.171     5.047     4.927     4.797     4.676
    4.555     4.368     4.202     4.045     3.875     3.706     3.537     3.369
    3.198     3.011     2.827     2.631     2.417     9999      9999      9999 
    9999      9999      9999      9999      9999      9999      9999      9999 
    9999      9999      9999      9999      9999      9999      9999      9999 
    9999 

    9999      9999      9999      9999      9999      2.961     3.077     3.192
    3.320     3.436     3.548     3.677     3.815     3.960     4.109     4.264
    4.425     4.596     4.703     4.845     4.980     5.099     5.205     5.407
    5.576     5.680     5.767     5.784     5.946     5.968     5.915     5.830
    5.863     6.064     6.112     5.930     5.863     5.840     5.802     5.751
    5.653     5.573     5.458     5.421     5.360     5.219     5.008     4.906
    4.709     4.532     4.383     4.215     4.046     3.869     3.696     3.522
    3.348     3.161     2.968     2.768     2.565     2.361     9999      9999 
    9999      9999      9999      9999      9999      9999      9999      9999 
    9999      9999      9999      9999      9999      9999      9999      9999 
    9999 

    9999      9999      9999      9999      2.923     3.044     3.163     3.283
    3.404     3.543     3.658     3.794     3.937     4.090     4.247     4.405
    4.533     4.709     4.857     4.995     5.136     5.256     5.372     5.463
    5.653     5.745     5.961     5.923     6.080     6.076     6.276     6.186
    5.998     6.162     6.262     6.256     6.240     6.186     6.010     6.045
    5.966     5.865     5.785     5.587     5.508     5.303     5.185     5.058
    4.859     4.699     4.556     4.389     4.197     4.027     3.856     3.673
    3.497     3.311     3.120     2.919     2.711     2.502     9999      9999 
    9999      9999      9999      9999      9999      9999      9999      9999 
    9999      9999      9999      9999      9999      9999      9999      9999 
    9999 

    9999      9999      9999      9999      2.992     3.116     3.240     3.365
    3.493     3.626     3.754     3.908     4.040     4.196     4.354     4.515
    4.675     4.842     5.001     5.152     5.291     5.427     5.531     5.632
    5.701     5.824     6.078     6.152     6.190     6.326     6.319     6.391
    6.226     6.459     6.507     6.457     6.422     6.377     6.359     6.207
    6.138     6.083     5.961     5.735     5.617     5.407     5.335     5.237
    5.024     4.872     4.709     4.538     4.349     4.200     3.997     3.817
    3.639     3.460     3.267     3.065     2.855     2.642     9999      9999 
    9999      9999      9999      9999      9999      9999      9999      9999 
    9999      9999      9999      9999      9999      9999      9999      9999 
    9999 

    9999      9999      9999      9999      3.053     3.181     3.309     3.439
    3.574     3.709     3.841     3.987     4.139     4.295     4.471     4.642
    4.801     4.975     5.140     5.286     5.427     5.557     5.678     5.776
    5.837     6.024     6.287     6.323     6.362     6.474     6.520     6.402
    6.587     6.645     6.642     6.681     6.622     6.546     6.491     6.416
    6.363     6.177     6.069     5.898     5.804     5.680     5.544     5.381
    5.204     5.040     4.868     4.685     4.516     4.337     4.151     3.967
    3.796     3.609     3.414     3.212     3.002     2.789     2.577     9999 
    9999      9999      9999      9999      9999      9999      9999      9999 
    9999      9999      9999      9999      9999      9999      9999      9999 
    9999 

    9999      9999      9999      2.969     3.106     3.238     3.369     3.504
    3.640     3.779     3.926     4.063     4.220     4.395     4.572     4.742
    4.914     5.092     5.256     5.402     5.544     5.674     5.805     5.883
    6.007     6.238     6.396     6.465     6.537     6.626     6.655     6.673
    6.767     6.814     6.867     6.851     6.713     6.700     6.660     6.626
    6.511     6.355     6.252     6.069     5.995     5.899     5.694     5.560
    5.442     5.264     5.056     4.858     4.688     4.542     4.346     4.142
    3.944     3.762     3.569     3.373     3.161     2.940     2.724     9999 
    9999      9999      9999      9999      9999      9999      9999      9999 
    9999      9999      9999      9999      9999      9999      9999      9999 
    9999 

    9999      9999      9999      9999      3.150     3.286     3.421     3.559
    3.704     3.850     3.995     4.144     4.313     4.484     4.669     4.844
    5.017     5.190     5.363     5.525     5.665     5.800     5.903     5.997
    6.049     6.380     6.546     6.555     6.607     6.786     6.783     6.854
    6.954     6.998     7.025     6.985     6.987     6.911     6.859     6.794
    6.601     6.488     6.406     6.223     6.130     5.999     5.915     5.761
    5.565     5.379     5.243     5.064     4.866     4.682     4.487     4.306
    4.112     3.920     3.728     3.531     3.323     3.098     2.879     2.664
    9999      9999      9999      9999      9999      9999      9999      9999 
    9999      9999      9999      9999      9999      9999      9999      9999 
    9999 

    9999      9999      9999      9999      3.192     3.330     3.467     3.607
    3.753     3.894     4.047     4.207     4.373     4.557     4.751     4.925
    5.100     5.276     5.454     5.618     5.771     5.904     6.021     6.110
    6.171     6.452     6.610     6.755     6.781     6.786     6.753     6.897
    6.986     7.145     7.122     7.133     7.123     7.067     7.009     6.940
    6.736     6.671     6.588     6.354     6.277     6.149     6.041     5.954
    5.684     5.588     5.392     5.255     5.029     4.856     4.672     4.486
    4.285     4.085     3.893     3.697     3.489     3.271     3.047     2.826
    2.609     9999      9999      9999      9999      9999      9999      9999 
    9999      9999      9999      9999      9999      9999      9999      9999 
    9999 

    9999      9999      9999      9999      3.221     3.360     3.502     3.644
    3.793     3.940     4.091     4.255     4.443     4.620     4.811     5.001
    5.190     5.368     5.538     5.701     5.866     5.979     6.093     6.205
    6.280     6.451     6.737     6.802     6.942     6.920     6.983     7.020
    7.101     7.190     7.147     7.253     7.273     7.201     7.160     6.993
    6.899     6.824     6.605     6.470     6.390     6.288     6.240     5.998
    5.836     5.714     5.658     5.364     5.189     5.035     4.847     4.658
    4.453     4.258     4.063     3.862     3.662     3.443     3.216     2.988
    2.765     2.545     9999      9999      9999      9999      9999      9999 
    9999      9999      9999      9999      9999      9999      9999      9999 
    9999 

    9999      9999      9999      9999      3.242     3.382     3.521     3.663
    3.824     3.982     4.129     4.304     4.467     4.658     4.864     5.052
    5.265     5.440     5.611     5.768     5.918     6.051     6.185     6.292
    6.377     6.450     6.809     6.964     7.005     7.038     7.077     7.133
    7.061     7.034     7.285     7.293     7.297     7.260     7.204     7.041
    7.004     6.952     6.864     6.644     6.512     6.436     6.266     6.174
    6.040     5.919     5.756     5.518     5.359     5.195     5.021     4.826
    4.629     4.434     4.227     4.027     3.825     3.613     3.387     3.153
    2.922     2.698     2.478     9999      9999      9999      9999      9999 
    9999      9999      9999      9999      9999      9999      9999      9999 
    9999 

    9999      9999      9999      9999      3.253     3.394     3.536     3.682
    3.832     3.990     4.158     4.315     4.496     4.686     4.897     5.105
    5.309     5.495     5.657     5.821     5.969     6.113     6.247     6.360
    6.456     6.514     6.829     7.030     7.050     7.165     7.213     7.160
    6.905     7.013     7.089     7.133     7.345     7.286     7.139     7.138
    7.099     7.046     6.962     6.855     6.758     6.660     6.495     6.371
    6.211     6.109     5.836     5.747     5.516     5.365     5.191     4.995
    4.796     4.595     4.396     4.192     3.987     3.774     3.558     3.322
    3.085     2.855     2.631     2.420     2.217     9999      9999      9999 
    9999      9999      9999      9999      9999      9999      9999      9999 
    9999 

    9999      9999      9999      9999      9999      3.390     3.535     3.683
    3.834     3.995     4.163     4.337     4.524     4.707     4.909     5.118
    5.331     5.521     5.700     5.860     6.017     6.166     6.291     6.418
    6.515     6.581     6.644     6.986     7.127     7.190     7.215     7.248
    7.292     7.361     7.007     7.114     7.301     7.214     7.237     7.211
    7.192     7.110     7.029     6.946     6.851     6.807     6.623     6.608
    6.401     6.230     6.041     5.889     5.738     5.546     5.350     5.154
    4.956     4.757     4.568     4.366     4.149     3.930     3.721     3.489
    3.249     3.016     2.789     2.577     2.372     2.166     9999      9999 
    9999      9999      9999      9999      9999      9999      9999      9999 
    9999 

    9999      9999      9999      9999      9999      3.383     3.525     3.673
    3.825     3.981     4.149     4.326     4.517     4.708     4.906     5.109
    5.332     5.524     5.692     5.879     6.042     6.195     6.336     6.461
    6.551     6.624     6.668     6.718     6.982     7.124     7.189     7.335
    7.422     7.245     7.344     7.306     7.225     7.276     7.294     7.283
    7.238     7.184     7.116     7.018     6.933     6.841     6.725     6.534
    6.397     6.310     6.161     6.005     5.846     5.671     5.488     5.302
    5.109     4.905     4.717     4.514     4.307     4.096     3.873     3.655
    3.422     3.185     2.956     2.742     2.533     2.320     2.112     9999 
    9999      9999      9999      9999      9999      9999      9999      9999 
    9999 

    9999      9999      9999      9999      9999      9999      3.508     3.652
    3.802     3.959     4.125     4.303     4.500     4.698     4.899     5.100
    5.325     5.510     5.692     5.883     6.054     6.207     6.341     6.457
    6.561     6.633     6.693     6.735     6.866     6.929     7.242     7.408
    7.369     7.400     7.472     7.462     7.374     7.277     7.311     7.301
    7.272     7.224     7.161     7.080     7.007     6.929     6.703     6.619
    6.513     6.445     6.308     6.144     5.982     5.816     5.638     5.458
    5.260     5.061     4.863     4.661     4.451     4.250     4.032     3.815
    3.596     3.363     3.136     2.915     2.698     2.474     2.258     2.040
    9999      9999      9999      9999      9999      9999      9999      9999 
    9999 

    9999      9999      9999      9999      9999      9999      3.486     3.626
    3.773     3.929     4.096     4.276     4.472     4.675     4.875     5.083
    5.289     5.491     5.692     5.876     6.051     6.192     6.327     6.433
    6.529     6.636     6.691     6.751     7.054     7.169     7.217     7.363
    7.415     7.434     7.440     7.447     7.426     7.249     7.262     7.278
    7.260     7.239     7.200     7.133     7.028     6.957     6.793     6.780
    6.685     6.555     6.421     6.273     6.107     5.941     5.766     5.568
    5.397     5.204     5.013     4.803     4.600     4.390     4.175     3.960
    3.737     3.518     3.304     3.085     2.863     2.639     2.413     2.184
    1.958     9999      9999      9999      9999      9999      9999      9999 
    9999 

    9999      9999      9999      9999      9999      9999      9999      3.596
    3.740     3.894     4.058     4.238     4.429     4.638     4.830     5.036
    5.259     5.470     5.665     5.851     6.021     6.166     6.293     6.410
    6.524     6.607     6.650     6.846     7.128     7.198     7.237     7.331
    7.342     7.344     7.405     7.414     7.428     7.158     7.180     7.364
    7.178     7.163     7.133     7.088     7.030     7.040     6.969     6.873
    6.760     6.645     6.519     6.336     6.185     6.016     5.867     5.688
    5.517     5.331     5.147     4.955     4.764     4.523     4.319     4.105
    3.883     3.667     3.452     3.236     3.021     2.792     2.556     2.316
    2.081     9999      9999      9999      9999      9999      9999      9999 
    9999 

    9999      9999      9999      9999      9999      9999      9999      3.565
    3.708     3.861     4.021     4.197     4.387     4.584     4.792     5.000
    5.232     5.418     5.627     5.822     5.980     6.115     6.252     6.377
    6.505     6.582     6.618     6.787     7.095     7.159     7.180     7.283
    7.271     7.272     7.355     7.316     7.154     7.136     7.322     7.335
    7.185     7.157     7.141     7.102     7.048     7.043     7.000     6.919
    6.820     6.704     6.597     6.395     6.258     6.121     5.962     5.809
    5.643     5.459     5.275     5.076     4.901     4.657     4.454     4.244
    4.033     3.814     3.593     3.375     3.155     2.931     2.689     2.441
    2.198     9999      9999      9999      9999      9999      9999      9999 
    9999 

    9999      9999      9999      9999      9999      9999      9999      9999 
    3.666     3.820     3.981     4.155     4.341     4.533     4.742     4.950
    5.166     5.381     5.589     5.800     5.960     6.073     6.209     6.351
    6.444     6.527     6.599     6.622     7.011     7.099     7.087     7.201
    7.177     7.212     7.233     7.277     7.023     7.346     7.329     7.319
    7.289     7.091     7.117     7.098     7.049     7.022     6.986     6.945
    6.848     6.759     6.677     6.469     6.345     6.184     6.047     5.888
    5.721     5.557     5.374     5.176     5.028     4.779     4.580     4.377
    4.172     3.948     3.729     3.511     3.288     3.054     2.811     2.557
    2.306     9999      9999      9999      9999      9999      9999      9999 
    9999 

    9999      9999      9999      9999      9999      9999      9999      9999 
    3.630     3.783     3.939     4.111     4.289     4.479     4.684     4.906
    5.108     5.311     5.518     5.716     5.868     6.005     6.150     6.271
    6.376     6.473     6.539     6.597     6.624     6.989     7.047     7.112
    7.061     7.157     7.213     7.216     7.012     7.053     7.301     7.200
    7.253     7.097     7.093     7.078     7.045     6.978     6.952     6.928
    6.885     6.759     6.654     6.489     6.376     6.245     6.095     5.950
    5.792     5.597     5.400     5.334     5.163     4.848     4.675     4.484
    4.279     4.067     3.851     3.629     3.400     3.164     2.918     2.659
    2.404     9999      9999      9999      9999      9999      9999      9999 
    9999 

    9999      9999      9999      9999      9999      9999      9999      9999 
    9999      3.728     3.886     4.058     4.234     4.423     4.630     4.838
    5.031     5.239     5.453     5.625     5.767     5.908     6.084     6.199
    6.298     6.411     6.514     6.574     6.628     6.670     6.961     6.986
    7.041     7.077     7.100     7.046     6.984     7.039     7.160     7.158
    7.162     7.171     7.047     7.041     7.016     6.972     6.917     6.887
    6.838     6.743     6.592     6.494     6.388     6.270     6.142     5.985
    5.821     5.823     5.664     5.345     5.132     4.944     4.759     4.588
    4.382     4.166     3.946     3.726     3.492     3.252     3.011     2.749
    2.490     9999      9999      9999      9999      9999      9999      9999 
    9999 

    9999      9999      9999      9999      9999      9999      9999      9999 
    9999      3.666     3.825     3.995     4.174     4.373     4.574     4.774
    4.962     5.161     5.358     5.541     5.686     5.840     5.978     6.093
    6.190     6.376     6.469     6.531     6.576     6.610     6.709     6.917
    6.914     6.802     6.784     6.872     6.932     6.976     7.109     7.067
    6.985     6.994     6.992     6.984     6.971     6.941     6.884     6.841
    6.750     6.670     6.594     6.517     6.406     6.286     6.267     6.122
    5.966     5.793     5.602     5.414     5.228     5.054     4.869     4.678
    4.477     4.282     4.062     3.808     3.583     3.343     3.081     2.820
    2.563     9999      9999      9999      9999      9999      9999      9999 
    9999 

    9999      9999      9999      9999      9999      9999      9999      9999 
    9999      9999      3.749     3.914     4.103     4.295     4.491     4.702
    4.888     5.073     5.257     5.426     5.590     5.767     5.852     5.964
    6.098     6.270     6.358     6.445     6.472     6.531     6.565     6.786
    6.664     6.787     6.804     6.865     6.882     6.872     7.053     6.898
    6.924     6.934     6.933     6.929     6.925     6.900     6.869     6.811
    6.728     6.752     6.701     6.459     6.379     6.432     6.307     6.180
    6.034     5.860     5.659     5.453     5.306     5.132     4.949     4.767
    4.565     4.344     4.122     3.891     3.653     3.396     3.133     2.874
    2.618     9999      9999      9999      9999      9999      9999      9999 
    9999 

    9999      9999      9999      9999      9999      9999      9999      9999 
    9999      9999      3.672     3.846     4.022     4.212     4.408     4.614
    4.798     4.973     5.153     5.316     5.502     5.614     5.755     5.852
    5.961     6.052     6.200     6.274     6.330     6.340     6.432     6.609
    6.626     6.670     6.711     6.709     6.758     6.922     6.811     6.824
    6.848     6.857     6.864     6.863     6.854     6.848     6.829     6.729
    6.828     6.838     6.619     6.460     6.510     6.457     6.312     6.192
    6.029     5.836     5.687     5.600     5.470     5.282     5.022     4.819
    4.619     4.400     4.172     3.937     3.697     3.428     3.165     2.907
    2.653     9999      9999      9999      9999      9999      9999      9999 
    9999 

    9999      9999      9999      9999      9999      9999      9999      9999 
    9999      9999      3.598     3.759     3.931     4.116     4.312     4.530
    4.710     4.873     5.033     5.196     5.344     5.479     5.594     5.719
    5.820     5.906     6.032     6.144     6.174     6.257     6.351     6.403
    6.454     6.558     6.571     6.611     6.638     6.685     6.704     6.731
    6.755     6.772     6.779     6.781     6.782     6.791     6.725     6.662
    6.859     6.651     6.489     6.439     6.418     6.302     6.215     6.086
    5.939     5.858     5.705     5.595     5.495     5.316     5.099     4.908
    4.690     4.460     4.223     3.974     3.710     3.442     3.182     2.925
    2.674     9999      9999      9999      9999      9999      9999      9999 
    9999 

    9999      9999      9999      9999      9999      9999      9999      9999 
    9999      9999      9999      3.668     3.836     4.016     4.238     4.425
    4.604     4.770     4.920     5.069     5.211     5.331     5.462     5.574
    5.684     5.761     5.864     5.953     6.042     6.116     6.165     6.214
    6.311     6.411     6.425     6.480     6.569     6.556     6.591     6.625
    6.653     6.670     6.676     6.689     6.696     6.668     6.627     6.768
    6.704     6.815     6.439     6.394     6.380     6.267     6.163     6.113
    5.970     5.823     5.692     5.554     5.446     5.270     5.100     4.912
    4.699     4.472     4.233     3.982     3.709     3.444     3.187     2.933
    9999      9999      9999      9999      9999      9999      9999      9999 
    9999 

    9999      9999      9999      9999      9999      9999      9999      9999 
    9999      9999      9999      3.572     3.736     3.940     4.124     4.307
    4.485     4.648     4.784     4.935     5.050     5.180     5.307     5.432
    5.499     5.602     5.693     5.770     5.859     5.946     6.004     6.060
    6.133     6.244     6.280     6.341     6.390     6.435     6.479     6.521
    6.545     6.576     6.590     6.615     6.616     6.582     6.521     6.672
    6.709     6.543     6.412     6.328     6.316     6.214     6.193     6.073
    5.908     5.697     5.573     5.522     5.406     5.239     5.070     4.905
    4.700     4.465     4.226     3.969     3.698     3.434     3.180     2.930
    9999      9999      9999      9999      9999      9999      9999      9999 
    9999 

    9999      9999      9999      9999      9999      9999      9999      9999 
    9999      9999      9999      9999      3.649     3.831     4.009     4.185
    4.355     4.507     4.668     4.796     4.915     5.046     5.160     5.247
    5.350     5.427     5.516     5.593     5.682     5.771     5.834     5.900
    6.039     6.074     6.165     6.197     6.248     6.307     6.352     6.401
    6.438     6.468     6.476     6.495     6.491     6.465     6.423     6.653
    6.551     6.552     6.439     6.222     6.299     6.161     6.125     6.025
    5.871     5.683     5.569     5.496     5.374     5.212     5.060     4.893
    4.674     4.443     4.198     3.939     3.671     3.412     3.161     2.916
    9999      9999      9999      9999      9999      9999      9999      9999 
    9999 

    9999      9999      9999      9999      9999      9999      9999      9999 
    9999      9999      9999      9999      3.544     3.720     3.892     4.058
    4.218     4.370     4.514     4.651     4.771     4.883     4.993     5.090
    5.177     5.265     5.343     5.436     5.501     5.586     5.665     5.738
    5.874     5.912     5.981     6.047     6.109     6.167     6.221     6.275
    6.321     6.346     6.368     6.384     6.387     6.359     6.301     6.532
    6.489     6.476     6.287     6.124     6.190     6.067     5.995     5.961
    5.849     5.731     5.605     5.476     5.319     5.162     5.006     4.845
    4.626     4.396     4.156     3.895     3.631     3.378     3.130     9999 
    9999      9999      9999      9999      9999      9999      9999      9999 
    9999 

    9999      9999      9999      9999      9999      9999      9999      9999 
    9999      9999      9999      9999      9999      3.600     3.763     3.919
    4.073     4.217     4.356     4.487     4.610     4.721     4.828     4.926
    5.019     5.105     5.179     5.250     5.335     5.431     5.502     5.582
    5.665     5.749     5.826     5.897     5.961     6.023     6.080     6.140
    6.183     6.218     6.246     6.263     6.277     6.257     6.205     6.416
    6.304     6.237     6.163     6.315     6.256     6.136     5.892     5.873
    5.775     5.669     5.548     5.406     5.249     5.097     4.954     4.770
    4.558     4.331     4.088     3.837     3.579     3.331     3.089     9999 
    9999      9999      9999      9999      9999      9999      9999      9999 
    9999 

    9999      9999      9999      9999      9999      9999      9999      9999 
    9999      9999      9999      9999      9999      9999      3.621     3.765
    3.910     4.052     4.191     4.322     4.446     4.557     4.659     4.755
    4.845     4.930     5.010     5.090     5.174     5.256     5.338     5.421
    5.503     5.582     5.671     5.744     5.809     5.873     5.938     5.998
    6.045     6.078     6.109     6.128     6.150     6.142     6.081     6.235
    6.262     6.095     6.066     6.141     6.136     6.095     5.761     5.689
    5.581     5.577     5.450     5.302     5.140     5.010     4.878     4.686
    4.477     4.257     4.021     3.768     3.515     3.271     3.032     9999 
    9999      9999      9999      9999      9999      9999      9999      9999 
    9999 

    9999      9999      9999      9999      9999      9999      9999      9999 
    9999      9999      9999      9999      9999      9999      3.478     3.612
    3.747     3.883     4.018     4.149     4.276     4.388     4.491     4.587
    4.678     4.764     4.847     4.927     5.009     5.094     5.186     5.271
    5.343     5.425     5.516     5.581     5.650     5.719     5.791     5.846
    5.899     5.938     5.966     5.991     6.010     5.980     5.937     6.097
    5.999     5.974     5.943     6.038     5.899     5.720     5.639     5.561
    5.469     5.362     5.254     5.136     5.013     4.872     4.732     4.571
    4.372     4.150     3.936     3.686     3.437     3.196     2.963     9999 
    9999      9999      9999      9999      9999      9999      9999      9999 
    9999 

    9999      9999      9999      9999      9999      9999      9999      9999 
    9999      9999      9999      9999      9999      9999      9999      3.465
    3.595     3.713     3.841     3.966     4.099     4.212     4.318     4.416
    4.511     4.602     4.691     4.777     4.858     4.938     5.022     5.105
    5.190     5.266     5.343     5.418     5.486     5.577     5.633     5.689
    5.739     5.778     5.809     5.834     5.851     5.844     5.798     5.796
    5.937     5.802     5.814     5.819     5.649     5.593     5.531     5.479
    5.337     5.258     5.183     5.045     4.896     4.755     4.609     4.460
    4.262     4.048     3.827     3.594     3.349     3.113     2.884     9999 
    9999      9999      9999      9999      9999      9999      9999      9999 
    9999 

    9999      9999      9999      9999      9999      9999      9999      9999 
    9999      9999      9999      9999      9999      9999      9999      9999 
    3.440     3.565     3.687     3.807     3.931     4.042     4.148     4.250
    4.348     4.445     4.536     4.625     4.709     4.791     4.871     4.950
    5.032     5.106     5.178     5.253     5.330     5.400     5.459     5.515
    5.566     5.621     5.646     5.659     5.666     5.680     5.663     5.685
    5.751     5.694     5.699     5.568     5.519     5.464     5.388     5.382
    5.264     5.123     5.028     4.906     4.751     4.593     4.469     4.316
    4.139     3.929     3.719     3.492     3.253     3.022     2.799     9999 
    9999      9999      9999      9999      9999      9999      9999      9999 
    9999 

    9999      9999      9999      9999      9999      9999      9999      9999 
    9999      9999      9999      9999      9999      9999      9999      9999 
    9999      9999      3.543     3.658     3.775     3.882     3.986     4.087
    4.186     4.286     4.383     4.477     4.564     4.643     4.723     4.796
    4.874     4.947     5.015     5.087     5.161     5.226     5.289     5.353
    5.394     5.428     5.457     5.478     5.496     5.502     5.525     5.507
    5.548     5.438     5.503     5.394     5.362     5.318     5.237     5.158
    5.096     4.977     4.863     4.739     4.596     4.454     4.321     4.180
    3.997     3.803     3.604     3.386     3.153     2.926     2.709     9999 
    9999      9999      9999      9999      9999      9999      9999      9999 
    9999 

    9999      9999      9999      9999      9999      9999      9999      9999 
    9999      9999      9999      9999      9999      9999      9999      9999 
    9999      9999      9999      9999      3.630     3.734     3.836     3.936
    4.036     4.135     4.234     4.326     4.416     4.496     4.574     4.647
    4.717     4.783     4.846     4.916     4.987     5.049     5.114     5.164
    5.202     5.244     5.283     5.298     5.310     5.312     5.304     5.312
    5.355     5.267     5.274     5.205     5.174     5.123     5.056     4.969
    4.934     4.808     4.703     4.589     4.462     4.315     4.157     4.007
    3.840     3.662     3.470     3.269     3.043     2.824     2.611     9999 
    9999      9999      9999      9999      9999      9999      9999      9999 
    9999 

    9999      9999      9999      9999      9999      9999      9999      9999 
    9999      9999      9999      9999      9999      9999      9999      9999 
    9999      9999      9999      9999      9999      9999      9999      3.791
    3.888     3.985     4.080     4.172     4.263     4.344     4.420     4.491
    4.560     4.624     4.695     4.750     4.815     4.874     4.925     4.976
    5.027     5.060     5.087     5.108     5.121     5.128     5.124     5.116
    5.149     5.058     5.030     5.004     4.971     4.919     4.853     4.772
    4.720     4.610     4.515     4.409     4.279     4.141     3.996     3.842
    3.673     3.508     3.324     3.123     2.913     2.704     2.500     2.304
    9999      9999      9999      9999      9999      9999      9999      9999 
    9999 

    9999      9999      9999      9999      9999      9999      9999      9999 
    9999      9999      9999      9999      9999      9999      9999      9999 
    9999      9999      9999      9999      9999      9999      9999      9999 
    3.748     3.842     3.928     4.017     4.106     4.189     4.266     4.336
    4.401     4.462     4.530     4.583     4.644     4.682     4.735     4.776
    4.827     4.862     4.889     4.903     4.929     4.926     4.914     4.903
    4.873     4.851     4.828     4.816     4.758     4.706     4.643     4.571
    4.505     4.412     4.315     4.209     4.082     3.950     3.814     3.670
    3.510     3.337     3.156     2.965     2.769     2.575     2.383     9999 
    9999      9999      9999      9999      9999      9999      9999      9999 
    9999 

    9999      9999      9999      9999      9999      9999      9999      9999 
    9999      9999      9999      9999      9999      9999      9999      9999 
    9999      9999      9999      9999      9999      9999      9999      9999 
    9999      3.698     3.779     3.864     3.951     4.032     4.109     4.178
    4.241     4.299     4.359     4.414     4.460     4.511     4.564     4.610
    4.646     4.667     4.686     4.702     4.717     4.718     4.705     4.687
    4.708     4.651     4.619     4.602     4.544     4.498     4.427     4.335
    4.279     4.195     4.109     4.003     3.877     3.755     3.620     3.476
    3.317     3.153     2.980     2.799     2.617     2.438     2.257     9999 
    9999      9999      9999      9999      9999      9999      9999      9999 
    9999 

    9999      9999      9999      9999      9999      9999      9999      9999 
    9999      9999      9999      9999      9999      9999      9999      9999 
    9999      9999      9999      9999      9999      9999      9999      9999 
    9999      9999      9999      3.716     3.800     3.875     3.948     4.016
    4.078     4.132     4.185     4.233     4.278     4.323     4.369     4.414
    4.455     4.488     4.483     4.510     4.515     4.508     4.515     4.496
    4.487     4.449     4.419     4.405     4.340     4.289     4.223     4.147
    4.060     3.986     3.885     3.777     3.663     3.541     3.406     3.271
    3.120     2.962     2.799     2.642     2.470     2.302     2.130     9999 
    9999      9999      9999      9999      9999      9999      9999      9999 
    9999 

    9999      9999      9999      9999      9999      9999      9999      9999 
    9999      9999      9999      9999      9999      9999      9999      9999 
    9999      9999      9999      9999      9999      9999      9999      9999 
    9999      9999      9999      9999      3.648     3.718     3.786     3.850
    3.909     3.961     4.008     4.053     4.093     4.132     4.170     4.208
    4.243     4.276     4.299     4.311     4.312     4.303     4.303     4.285
    4.266     4.241     4.215     4.184     4.130     4.075     4.015     3.940
    3.858     3.764     3.658     3.549     3.440     3.322     3.196     3.067
    2.924     2.776     2.624     2.462     2.310     2.156     2.004     9999 
    9999      9999      9999      9999      9999      9999      9999      9999 
    9999 

    9999      9999      9999      9999      9999      9999      9999      9999 
    9999      9999      9999      9999      9999      9999      9999      9999 
    9999      9999      9999      9999      9999      9999      9999      9999 
    9999      9999      9999      9999      9999      9999      3.629     3.687
    3.743     3.793     3.838     3.879     3.917     3.952     3.985     4.014
    4.044     4.077     4.099     4.092     4.089     4.081     4.070     4.062
    4.047     4.025     4.001     3.976     3.922     3.859     3.787     3.709
    3.626     3.534     3.434     3.331     3.227     3.115     2.996     2.874
    2.738     2.598     2.456     2.307     2.161     2.020     9999      9999 
    9999      9999      9999      9999      9999      9999      9999      9999 
    9999 

    9999      9999      9999      9999      9999      9999      9999      9999 
    9999      9999      9999      9999      9999      9999      9999      9999 
    9999      9999      9999      9999      9999      9999      9999      9999 
    9999      9999      9999      9999      9999      9999      9999      9999 
    3.583     3.631     3.672     3.710     3.744     3.776     3.803     3.832
    3.855     3.882     3.882     3.884     3.880     3.872     3.859     3.849
    3.830     3.807     3.780     3.742     3.700     3.636     3.565     3.489
    3.408     3.320     3.225     3.128     3.027     2.920     2.807     2.691
    2.563     2.431     2.297     2.158     2.021     9999      9999      9999 
    9999      9999      9999      9999      9999      9999      9999      9999 
    9999 

    9999      9999      9999      9999      9999      9999      9999      9999 
    9999      9999      9999      9999      9999      9999      9999      9999 
    9999      9999      9999      9999      9999      9999      9999      9999 
    9999      9999      9999      9999      9999      9999      9999      9999 
    9999      9999      9999      3.546     3.578     3.607     3.631     3.656
    3.675     3.685     3.691     3.690     3.684     3.679     3.665     3.649
    3.627     3.600     3.569     3.529     3.478     3.419     3.357     3.283
    3.205     3.121     3.030     2.937     2.839     2.735     2.627     2.517
    2.397     2.273     2.146     9999      9999      9999      9999      9999 
    9999      9999      9999      9999      9999      9999      9999      9999 
    9999 

    9999      9999      9999      9999      9999      9999      9999      9999 
    9999      9999      9999      9999      9999      9999      9999      9999 
    9999      9999      9999      9999      9999      9999      9999      9999 
    9999      9999      9999      9999      9999      9999      9999      9999 
    9999      9999      9999      9999      9999      9999      3.465     3.486
    3.500     3.505     3.510     3.506     3.498     3.492     3.477     3.458
    3.433     3.404     3.369     3.326     3.276     3.218     3.154     3.085
    3.012     2.932     2.845     2.755     2.662     9999      9999      9999 
    9999      9999      9999      9999      9999      9999      9999      9999 
    9999      9999      9999      9999      9999      9999      9999      9999 
    9999 

    9999      9999      9999      9999      9999      9999      9999      9999 
    9999      9999      9999      9999      9999      9999      9999      9999 
    9999      9999      9999      9999      9999      9999      9999      9999 
    9999      9999      9999      9999      9999      9999      9999      9999 
    9999      9999      9999      9999      9999      9999      9999      9999 
    9999      9999      9999      9999      9999      3.312     3.295     3.275
    3.248     3.216     3.180     3.136     3.085     3.029     2.966     9999 
    9999      9999      9999      9999      9999      9999      9999      9999 
    9999      9999      9999      9999      9999      9999      9999      9999 
    9999      9999      9999      9999      9999      9999      9999      9999 
    9999 

    9999      9999      9999      9999      9999      9999      9999      9999 
    9999      9999      9999      9999      9999      9999      9999      9999 
    9999      9999      9999      9999      9999      9999      9999      9999 
    9999      9999      9999      9999      9999      9999      9999      9999 
    9999      9999      9999      9999      9999      9999      9999      9999 
    9999      9999      9999      9999      9999      9999      9999      9999 
    9999      9999      9999      9999      9999      9999      9999      9999 
    9999      9999      9999      9999      9999      9999      9999      9999 
    9999      9999      9999      9999      9999      9999      9999      9999 
    9999      9999      9999      9999      9999      9999      9999      9999 
    9999 

    9999      9999      9999      9999      9999      9999      9999      9999 
    9999      9999      9999      9999      9999      9999      9999      9999 
    9999      9999      9999      9999      9999      9999      9999      9999 
    9999      9999      9999      9999      9999      9999      9999      9999 
    9999      9999      9999      9999      9999      9999      9999      9999 
    9999      9999      9999      9999      9999      9999      9999      9999 
    9999      9999      9999      9999      9999      9999      9999      9999 
    9999      9999      9999      9999      9999      9999      9999      9999 
    9999      9999      9999      9999      9999      9999      9999      9999 
    9999      9999      9999      9999      9999      9999      9999      9999 
    9999 

    9999      9999      9999      9999      9999      9999      9999      9999 
    9999      9999      9999      9999      9999      9999      9999      9999 
    9999      9999      9999      9999      9999      9999      9999      9999 
    9999      9999      9999      9999      9999      9999      9999      9999 
    9999      9999      9999      9999      9999      9999      9999      9999 
    9999      9999      9999      9999      9999      9999      9999      9999 
    9999      9999      9999      9999      9999      9999      9999      9999 
    9999      9999      9999      9999      9999      9999      9999      9999 
    9999      9999      9999      9999      9999      9999      9999      9999 
    9999      9999      9999      9999      9999      9999      9999      9999 
    9999 

    9999      9999      9999      9999      9999      9999      9999      9999 
    9999      9999      9999      9999      9999      9999      9999      9999 
    9999      9999      9999      9999      9999      9999      9999      9999 
    9999      9999      9999      9999      9999      9999      9999      9999 
    9999      9999      9999      9999      9999      9999      9999      9999 
    9999      9999      9999      9999      9999      9999      9999      9999 
    9999      9999      9999      9999      9999      9999      9999      9999 
    9999      9999      9999      9999      9999      9999      9999      9999 
    9999      9999      9999      9999      9999      9999      9999      9999 
    9999      9999      9999      9999      9999      9999      9999      9999 
    9999 

    9999      9999      9999      9999      9999      9999      9999      9999 
    9999      9999      9999      9999      9999      9999      9999      9999 
    9999      9999      9999      9999      9999      9999      9999      9999 
    9999      9999      9999      9999      9999      9999      9999      9999 
    9999      9999      9999      9999      9999      9999      9999      9999 
    9999      9999      9999      9999      9999      9999      9999      9999 
    9999      9999      9999      9999      9999      9999      9999      9999 
    9999      9999      9999      9999      9999      9999      9999      9999 
    9999      9999      9999      9999      9999      9999      9999      9999 
    9999      9999      9999      9999      9999      9999      9999      9999 
    9999 

    9999      9999      9999      9999      9999      9999      9999      9999 
    9999      9999      9999      9999      9999      9999      9999      9999 
    9999      9999      9999      9999      9999      9999      9999      9999 
    9999      9999      9999      9999      9999      9999      9999      9999 
    9999      9999      9999      9999      9999      9999      9999      9999 
    9999      9999      9999      9999      9999      9999      9999      9999 
    9999      9999      9999      9999      9999      9999      9999      9999 
    9999      9999      9999      9999      9999      9999      9999      9999 
    9999      9999      9999      9999      9999      9999      9999      9999 
    9999      9999      9999      9999      9999      9999      9999      9999 
    9999 

    9999      9999      9999      9999      9999      9999      9999      9999 
    9999      9999      9999      9999      9999      9999      9999      9999 
    9999      9999      9999      9999      9999      9999      9999      9999 
    9999      9999      9999      9999      9999      9999      9999      9999 
    9999      9999      9999      9999      9999      9999      9999      9999 
    9999      9999      9999      9999      9999      9999      9999      9999 
    9999      9999      9999      9999      9999      9999      9999      9999 
    9999      9999      9999      9999      9999      9999      9999      9999 
    9999      9999      9999      9999      9999      9999      9999      9999 
    9999      9999      9999      9999      9999      9999      9999      9999 
    9999 