-61.4000  -61.0750  15.8000  16.1250  .0250  .0250   3 1 1 1 0.0 Geoide géométrique pour Marie-Galante (EGM96 + points GPS nivelés) 
  -61.400  16.125  -40.890  99
  -61.400  16.100  -40.800  99
  -61.400  16.075  -40.700  99
  -61.400  16.050  -40.600  99
  -61.400  16.025  -40.487  99
  -61.400  16.000  -40.400  99
  -61.400  15.975  -40.377  99
  -61.400  15.950  -40.400  99
  -61.400  15.925  -40.434  99
  -61.400  15.900  -40.500  99
  -61.400  15.875  -40.571  99
  -61.400  15.850  -40.600  99
  -61.400  15.825  -40.606  99
  -61.400  15.800  -40.600  99
  -61.375  16.125  -40.890  99
  -61.375  16.100  -40.791  99
  -61.375  16.075  -40.693  99
  -61.375  16.050  -40.592  99
  -61.375  16.025  -40.496  99
  -61.375  16.000  -40.402  99
  -61.375  15.975  -40.309  99
  -61.375  15.950  -40.231  99
  -61.375  15.925  -40.196  99
  -61.375  15.900  -40.254  99
  -61.375  15.875  -40.417  99
  -61.375  15.850  -40.590  99
  -61.375  15.825  -40.636  99
  -61.375  15.800  -40.608  99
  -61.350  16.125  -40.901  99
  -61.350  16.100  -40.800  99
  -61.350  16.075  -40.707  99
  -61.350  16.050  -40.600  99
  -61.350  16.025  -40.507  99
  -61.350  16.000  -40.400  99
  -61.350  15.975  -40.254  99
  -61.350  15.950  -40.112  99
  -61.350  15.925  -40.003  99
  -61.350  15.900  -39.996  99
  -61.350  15.875  -40.196  99
  -61.350  15.850  -40.597  99
  -61.350  15.825  -40.664  99
  -61.350  15.800  -40.601  99
  -61.325  16.125  -40.932  99
  -61.325  16.100  -40.847  99
  -61.325  16.075  -40.754  99
  -61.325  16.050  -40.650  99
  -61.325  16.025  -40.519  99
  -61.325  16.000  -40.370  99
  -61.325  15.975  -40.214  99
  -61.325  15.950  -40.071  99
  -61.325  15.925  -39.937  99
  -61.325  15.900  -39.821  99
  -61.325  15.875  -39.883  99
  -61.325  15.850  -40.448  99
  -61.325  15.825  -40.662  99
  -61.325  15.800  -40.641  99
  -61.300  16.125  -40.984  99
  -61.300  16.100  -40.900  99
  -61.300  16.075  -40.795  99
  -61.300  16.050  -40.699  99
  -61.300  16.025  -40.531  99
  -61.300  16.000  -40.357  03
  -61.300  15.975  -40.200  03
  -61.300  15.950  -40.096  03
  -61.300  15.925  -40.040  03
  -61.300  15.900  -39.934  03
  -61.300  15.875  -39.980  03
  -61.300  15.850  -40.594  03
  -61.300  15.825  -40.679  99
  -61.300  15.800  -40.601  99
  -61.275  16.125  -41.065  99
  -61.275  16.100  -40.926  99
  -61.275  16.075  -40.802  99
  -61.275  16.050  -40.679  99
  -61.275  16.025  -40.544  99
  -61.275  16.000  -40.397  03
  -61.275  15.975  -40.247  03
  -61.275  15.950  -40.168  03
  -61.275  15.925  -40.185  03
  -61.275  15.900  -40.064  03
  -61.275  15.875  -40.179  03
  -61.275  15.850  -40.520  03
  -61.275  15.825  -40.638  99
  -61.275  15.800  -40.591  99
  -61.250  16.125  -41.205  99
  -61.250  16.100  -41.001  99
  -61.250  16.075  -40.857  99
  -61.250  16.050  -40.701  99
  -61.250  16.025  -40.601  99
  -61.250  16.000  -40.509  03
  -61.250  15.975  -40.430  03
  -61.250  15.950  -40.359  03
  -61.250  15.925  -40.238  03
  -61.250  15.900  -40.100  03
  -61.250  15.875  -40.310  03
  -61.250  15.850  -40.598  03
  -61.250  15.825  -40.666  99
  -61.250  15.800  -40.601  99
  -61.225  16.125  -41.418  99
  -61.225  16.100  -41.227  99
  -61.225  16.075  -41.040  99
  -61.225  16.050  -40.866  99
  -61.225  16.025  -40.733  99
  -61.225  16.000  -40.653  99
  -61.225  15.975  -40.637  03
  -61.225  15.950  -40.613  03
  -61.225  15.925  -40.439  03
  -61.225  15.900  -40.354  03
  -61.225  15.875  -40.505  99
  -61.225  15.850  -40.698  99
  -61.225  15.825  -40.780  99
  -61.225  15.800  -40.788  99
  -61.200  16.125  -41.656  99
  -61.200  16.100  -41.499  99
  -61.200  16.075  -41.292  99
  -61.200  16.050  -41.100  99
  -61.200  16.025  -40.919  99
  -61.200  16.000  -40.801  99
  -61.200  15.975  -40.802  99
  -61.200  15.950  -40.802  03
  -61.200  15.925  -40.698  03
  -61.200  15.900  -40.656  03
  -61.200  15.875  -40.756  99
  -61.200  15.850  -40.899  99
  -61.200  15.825  -40.957  99
  -61.200  15.800  -41.000  99
  -61.175  16.125  -41.869  99
  -61.175  16.100  -41.709  99
  -61.175  16.075  -41.533  99
  -61.175  16.050  -41.343  99
  -61.175  16.025  -41.142  99
  -61.175  16.000  -41.000  99
  -61.175  15.975  -40.972  99
  -61.175  15.950  -40.976  99
  -61.175  15.925  -40.953  99
  -61.175  15.900  -40.951  99
  -61.175  15.875  -41.011  99
  -61.175  15.850  -41.090  99
  -61.175  15.825  -41.134  99
  -61.175  15.800  -41.161  99
  -61.150  16.125  -42.057  99
  -61.150  16.100  -41.900  99
  -61.150  16.075  -41.756  99
  -61.150  16.050  -41.599  99
  -61.150  16.025  -41.379  99
  -61.150  16.000  -41.201  99
  -61.150  15.975  -41.177  99
  -61.150  15.950  -41.200  99
  -61.150  15.925  -41.195  99
  -61.150  15.900  -41.200  99
  -61.150  15.875  -41.247  99
  -61.150  15.850  -41.300  99
  -61.150  15.825  -41.309  99
  -61.150  15.800  -41.300  99
  -61.125  16.125  -42.238  99
  -61.125  16.100  -42.095  99
  -61.125  16.075  -41.955  99
  -61.125  16.050  -41.801  99
  -61.125  16.025  -41.627  99
  -61.125  16.000  -41.487  99
  -61.125  15.975  -41.429  99
  -61.125  15.950  -41.422  99
  -61.125  15.925  -41.427  99
  -61.125  15.900  -41.439  99
  -61.125  15.875  -41.461  99
  -61.125  15.850  -41.479  99
  -61.125  15.825  -41.476  99
  -61.125  15.800  -41.461  99
  -61.100  16.125  -42.414  99
  -61.100  16.100  -42.281  99
  -61.100  16.075  -42.147  99
  -61.100  16.050  -42.010  99
  -61.100  16.025  -41.878  99
  -61.100  16.000  -41.771  99
  -61.100  15.975  -41.700  99
  -61.100  15.950  -41.667  99
  -61.100  15.925  -41.658  99
  -61.100  15.900  -41.659  99
  -61.100  15.875  -41.660  99
  -61.100  15.850  -41.655  99
  -61.100  15.825  -41.643  99
  -61.100  15.800  -41.626  99
  -61.075  16.125  -42.588  99
  -61.075  16.100  -42.462  99
  -61.075  16.075  -42.339  99
  -61.075  16.050  -42.226  99
  -61.075  16.025  -42.130  99
  -61.075  16.000  -42.047  99
  -61.075  15.975  -41.976  99
  -61.075  15.950  -41.923  99
  -61.075  15.925  -41.892  99
  -61.075  15.900  -41.872  99
  -61.075  15.875  -41.854  99
  -61.075  15.850  -41.833  99
  -61.075  15.825  -41.812  99
  -61.075  15.800  -41.791  99