-63.2000  -62.50000  18.0000  18.2000   .0250  .0250   3 1 1 1 0.0 Geoide géométrique pour Saint-Martin (EGM96 + points GPS nivelés)
 -63.200    18.200   -43.933 99
 -63.200    18.175   -43.700 99
 -63.200    18.150   -43.500 99
 -63.200    18.125   -43.299 99
 -63.200    18.100   -43.001 99
 -63.200    18.075   -42.800 99
 -63.200    18.050   -42.600 99
 -63.200    18.025   -42.400 99
 -63.200    18.000   -42.200 99
 -63.175    18.200   -43.914 99
 -63.175    18.175   -43.699 99
 -63.175    18.150   -43.401 99
 -63.175    18.125   -43.200 99
 -63.175    18.100   -43.000 99
 -63.175    18.075   -42.800 99
 -63.175    18.050   -42.599 99
 -63.175    18.025   -42.301 99
 -63.175    18.000   -42.100 99
 -63.150    18.200   -43.863 99
 -63.150    18.175   -43.601 99
 -63.150    18.150   -43.400 99
 -63.150    18.125   -43.199 99
 -63.150    18.100   -42.999 99
 -63.150    18.075   -42.702 99
 -63.150    18.050   -42.501 99
 -63.150    18.025   -42.299 99
 -63.150    18.000   -42.099 99
 -63.125    18.200   -43.830 99
 -63.125    18.175   -43.600 99
 -63.125    18.150   -43.398 99
 -63.125    18.125   -43.101 99
 -63.125    18.100   -42.900 99
 -63.125    18.075   -42.700 99
 -63.125    18.050   -42.499 99
 -63.125    18.025   -42.201 99
 -63.125    18.000   -42.001 99
 -63.100    18.200   -43.805 99
 -63.100    18.175   -43.599 99
 -63.100    18.150   -43.301 99
 -63.100    18.125   -43.059 03
 -63.100    18.100   -42.850 03
 -63.100    18.075   -42.656 03
 -63.100    18.050   -42.447 03
 -63.100    18.025   -42.200 99
 -63.100    18.000   -41.999 99
 -63.075    18.200   -43.750 99
 -63.075    18.175   -43.501 99
 -63.075    18.150   -43.300 99
 -63.075    18.125   -43.040 03
 -63.075    18.100   -42.806 03
 -63.075    18.075   -42.620 03
 -63.075    18.050   -42.420 03
 -63.075    18.025   -42.199 99
 -63.075    18.000   -41.901 99
 -63.050    18.200   -43.720 99
 -63.050    18.175   -43.500 99
 -63.050    18.150   -43.299 99
 -63.050    18.125   -43.001 03
 -63.050    18.100   -42.744 03
 -63.050    18.075   -42.595 03
 -63.050    18.050   -42.386 03
 -63.050    18.025   -42.102 99
 -63.050    18.000   -41.899 99
 -63.025    18.200   -43.721 99
 -63.025    18.175   -43.498 99
 -63.025    18.150   -43.201 99
 -63.025    18.125   -42.959 03
 -63.025    18.100   -42.725 03
 -63.025    18.075   -42.559 03
 -63.025    18.050   -42.349 03
 -63.025    18.025   -42.099 99
 -63.025    18.000   -41.801 99
 -63.000    18.200   -43.743 99
 -63.000    18.175   -43.403 99
 -63.000    18.150   -43.200 99
 -63.000    18.125   -42.999 99
 -63.000    18.100   -42.701 99
 -63.000    18.075   -42.501 99
 -63.000    18.050   -42.300 99
 -63.000    18.025   -42.002 99
 -63.000    18.000   -41.800 99
 -62.975    18.200   -43.849 99
 -62.975    18.175   -43.598 99
 -62.975    18.150   -43.301 99
 -62.975    18.125   -43.099 99
 -62.975    18.100   -42.800 99
 -62.975    18.075   -42.600 99
 -62.975    18.050   -42.398 99
 -62.975    18.025   -42.100 99
 -62.975    18.000   -41.899 99
 -62.950    18.200   -43.963 99
 -62.950    18.175   -43.700 99
 -62.950    18.150   -43.401 99
 -62.950    18.125   -43.199 99
 -62.950    18.100   -42.901 99
 -62.950    18.075   -42.699 99
 -62.950    18.050   -42.402 99
 -62.950    18.025   -42.200 99
 -62.950    18.000   -41.901 99
 -62.925    18.200   -44.059 99
 -62.925    18.175   -43.800 99
 -62.925    18.150   -43.502 99
 -62.925    18.125   -43.299 99
 -62.925    18.100   -43.001 99
 -62.925    18.075   -42.799 99
 -62.925    18.050   -42.501 99
 -62.925    18.025   -42.299 99
 -62.925    18.000   -42.000 99
 -62.900    18.200   -44.146 99
 -62.900    18.175   -43.900 99
 -62.900    18.150   -43.699 99
 -62.900    18.125   -43.400 99
 -62.900    18.100   -43.101 99
 -62.900    18.075   -42.899 99
 -62.900    18.050   -42.600 99
 -62.900    18.025   -42.301 99
 -62.900    18.000   -42.100 99
 -62.875    18.200   -44.270 99
 -62.875    18.175   -44.001 99
 -62.875    18.150   -43.800 99
 -62.875    18.125   -43.500 99
 -62.875    18.100   -43.201 99
 -62.875    18.075   -42.999 99
 -62.875    18.050   -42.700 99
 -62.875    18.025   -42.400 99
 -62.875    18.000   -42.199 99
 -62.850    18.200   -44.434 99
 -62.850    18.175   -44.199 99
 -62.850    18.150   -43.900 99
 -62.850    18.125   -43.600 99
 -62.850    18.100   -43.301 99
 -62.850    18.075   -43.100 99
 -62.850    18.050   -42.800 99
 -62.850    18.025   -42.500 99
 -62.850    18.000   -42.201 99
 -62.825    18.200   -44.574 99
 -62.825    18.175   -44.300 99
 -62.825    18.150   -44.000 99
 -62.825    18.125   -43.700 99
 -62.825    18.100   -43.401 99
 -62.825    18.075   -43.199 99
 -62.825    18.050   -42.900 99
 -62.825    18.025   -42.600 99
 -62.825    18.000   -42.300 99
 -62.800    18.200   -44.690 99
 -62.800    18.175   -44.400 99
 -62.800    18.150   -44.100 99
 -62.800    18.125   -43.800 99
 -62.800    18.100   -43.500 99
 -62.800    18.075   -43.201 99
 -62.800    18.050   -42.999 99
 -62.800    18.025   -42.700 99
 -62.800    18.000   -42.400 99
 -62.775    18.200   -44.807 99
 -62.775    18.175   -44.500 99
 -62.775    18.150   -44.200 99
 -62.775    18.125   -43.900 99
 -62.775    18.100   -43.600 99
 -62.775    18.075   -43.300 99
 -62.775    18.050   -43.000 99
 -62.775    18.025   -42.701 99
 -62.775    18.000   -42.499 99
 -62.750    18.200   -44.961 99
 -62.750    18.175   -44.602 99
 -62.750    18.150   -44.301 99
 -62.750    18.125   -44.001 99
 -62.750    18.100   -43.700 99
 -62.750    18.075   -43.400 99
 -62.750    18.050   -43.100 99
 -62.750    18.025   -42.800 99
 -62.750    18.000   -42.501 99
 -62.725    18.200   -45.181 99
 -62.725    18.175   -44.899 99
 -62.725    18.150   -44.599 99
 -62.725    18.125   -44.298 99
 -62.725    18.100   -43.901 99
 -62.725    18.075   -43.600 99
 -62.725    18.050   -43.300 99
 -62.725    18.025   -43.000 99
 -62.725    18.000   -42.700 99
 -62.700    18.200   -45.437 99
 -62.700    18.175   -45.101 99
 -62.700    18.150   -44.800 99
 -62.700    18.125   -44.500 99
 -62.700    18.100   -44.199 99
 -62.700    18.075   -43.801 99
 -62.700    18.050   -43.500 99
 -62.700    18.025   -43.200 99
 -62.700    18.000   -42.899 99
 -62.675    18.200   -45.717 99
 -62.675    18.175   -45.398 99
 -62.675    18.150   -45.001 99
 -62.675    18.125   -44.700 99
 -62.675    18.100   -44.399 99
 -62.675    18.075   -44.001 99
 -62.675    18.050   -43.700 99
 -62.675    18.025   -43.399 99
 -62.675    18.000   -43.001 99
 -62.650    18.200   -45.973 99
 -62.650    18.175   -45.602 99
 -62.650    18.150   -45.298 99
 -62.650    18.125   -44.901 99
 -62.650    18.100   -44.599 99
 -62.650    18.075   -44.201 99
 -62.650    18.050   -43.899 99
 -62.650    18.025   -43.501 99
 -62.650    18.000   -43.200 99
 -62.625    18.200   -46.236 99
 -62.625    18.175   -45.899 99
 -62.625    18.150   -45.500 99
 -62.625    18.125   -45.101 99
 -62.625    18.100   -44.799 99
 -62.625    18.075   -44.401 99
 -62.625    18.050   -44.099 99
 -62.625    18.025   -43.700 99
 -62.625    18.000   -43.399 99
 -62.600    18.200   -46.468 99
 -62.600    18.175   -46.100 99
 -62.600    18.150   -45.702 99
 -62.600    18.125   -45.399 99
 -62.600    18.100   -45.000 99
 -62.600    18.075   -44.601 99
 -62.600    18.050   -44.299 99
 -62.600    18.025   -43.900 99
 -62.600    18.000   -43.501 99
 -62.575    18.200   -46.696 99
 -62.575    18.175   -46.301 99
 -62.575    18.150   -45.999 99
 -62.575    18.125   -45.600 99
 -62.575    18.100   -45.200 99
 -62.575    18.075   -44.800 99
 -62.575    18.050   -44.401 99
 -62.575    18.025   -44.099 99
 -62.575    18.000   -43.700 99
 -62.550    18.200   -46.974 99
 -62.550    18.175   -46.599 99
 -62.550    18.150   -46.200 99
 -62.550    18.125   -45.800 99
 -62.550    18.100   -45.400 99
 -62.550    18.075   -45.000 99
 -62.550    18.050   -44.599 99
 -62.550    18.025   -44.201 99
 -62.550    18.000   -43.899 99
 -62.525    18.200   -47.263 99
 -62.525    18.175   -46.854 99
 -62.525    18.150   -46.429 99
 -62.525    18.125   -46.010 99
 -62.525    18.100   -45.597 99
 -62.525    18.075   -45.189 99
 -62.525    18.050   -44.782 99
 -62.525    18.025   -44.387 99
 -62.525    18.000   -44.041 99
 -62.500    18.200   -47.551 99
 -62.500    18.175   -47.104 99
 -62.500    18.150   -46.659 99
 -62.500    18.125   -46.222 99
 -62.500    18.100   -45.795 99
 -62.500    18.075   -45.377 99
 -62.500    18.050   -44.970 99
 -62.500    18.025   -44.572 99
 -62.500    18.000   -44.179 99
